0 0.491384 0.568316 0.00939948 0.109198
0 0.710357 0.32114 0.0132289 0.111888
0 0.34195 0.335933 0.0106179 0.0876815
0 0.620453 0.320334 0.0109661 0.119957
0 0.408007 0.564013 0.00800696 0.0952125
0 0.321062 0.591716 0.00887728 0.077461
0 0.0821584 0.602206 0.0177546 0.117805
0 0.651784 0.600861 0.0120104 0.10113
0 0.557354 0.857719 0.013577 0.121033
0 0.056745 0.614309 0.00870322 0.10113
0 0.216971 0.343733 0.00852916 0.100054
0 0.813403 0.88865 0.0149695 0.107585
0 0.531941 0.837547 0.0153177 0.12695
0 0.419147 0.111619 0.0104439 0.121033
0 0.85309 0.0890264 0.0132289 0.107047
0 0.368407 0.129102 0.0144473 0.151694
0 0.331767 0.0903712 0.00870322 0.115116
0 0.867189 0.0825713 0.00974761 0.100592
0 0.598433 0.838085 0.0111401 0.111888
0 0.798956 0.531738 0.0142733 0.0930608
0 0.128634 0.12426 0.00974761 0.124798
0 0.0938207 0.0828402 0.0114883 0.132329
0 0.348129 0.443249 0.013577 0.144164
0 0.844996 0.523131 0.0127067 0.0962883
0 0.807311 0.819796 0.013577 0.106509
0 0.930635 0.332975 0.0137511 0.118343
0 0.581288 0.855299 0.0109661 0.0979021
0 0.091906 0.301775 0.00765883 0.124798
0 0.467102 0.843733 0.00922541 0.0941366
0 0.715144 0.571544 0.0106179 0.0995159
0 0.297389 0.0825713 0.0123586 0.126412
0 0.108529 0.318451 0.00922541 0.123722
0 0.497041 0.100054 0.0102698 0.10113
0 0.484682 0.824906 0.0144473 0.09844
0 0.122106 0.364981 0.0102698 0.119957
0 0.735161 0.547606 0.00992167 0.111888
0 0.729156 0.0675094 0.010792 0.12964
0 0.183464 0.595212 0.013577 0.114578
0 0.0775457 0.581226 0.0154917 0.104895
0 0.29208 0.290479 0.00765883 0.0871436
0 0.694517 0.595212 0.0104439 0.115654
0 0.269539 0.317106 0.00922541 0.118881
0 0.748477 0.0901022 0.010792 0.119957
0 0.557702 0.529317 0.013577 0.110812
0 0.789817 0.321947 0.0116623 0.084454
0 0.715144 0.0672405 0.013403 0.134481
0 0.655527 0.108392 0.0100957 0.108123
0 0.808442 0.914201 0.018973 0.116729
0 0.416188 0.0731576 0.0111401 0.128026
0 0.117232 0.123453 0.00957354 0.117805
0 0.446127 0.846423 0.00974761 0.105971
0 0.0719756 0.119688 0.0182768 0.178053
0 0.305396 0.838892 0.0106179 0.132867
0 0.834639 0.101937 0.010792 0.0973642
0 0.0704091 0.511296 0.0116623 0.101668
0 0.0660574 0.357719 0.00992167 0.106509
0 0.950305 0.610543 0.0196693 0.119419
0 0.693473 0.299892 0.0125326 0.0898332
0 0.340644 0.560516 0.0111401 0.10113
0 0.577024 0.562937 0.0118364 0.108123
0 0.978938 0.861754 0.0278503 0.108661
0 0.227241 0.29263 0.0106179 0.0935987
0 0.189208 0.0868747 0.010792 0.118881
0 0.14134 0.561054 0.00870322 0.112964
0 0.246562 0.323023 0.0120104 0.117805
0 0.208007 0.541151 0.00974761 0.0957504
0 0.509312 0.558096 0.00905135 0.132867
0 0.24282 0.537655 0.00800696 0.0919849
0 0.504526 0.86525 0.00887728 0.127488
0 0.168059 0.11404 0.013403 0.111888
0 0.779896 0.100054 0.013403 0.0925229
0 0.554917 0.884884 0.0118364 0.108661
0 0.173194 0.284024 0.0111401 0.119419
0 0.351697 0.466918 0.013403 0.137708
0 0.143516 0.304465 0.0109661 0.115116
0 0.12054 0.325982 0.00992167 0.132329
0 0.821758 0.119688 0.010792 0.107047
0 0.111662 0.559172 0.013403 0.12964
0 0.207224 0.319527 0.0127067 0.118343
0 0.178677 0.577192 0.0137511 0.124798
0 0.379896 0.566165 0.0106179 0.11135
0 0.894865 0.31603 0.0156658 0.114578
0 0.821062 0.314954 0.0118364 0.100592
0 0.434117 0.842119 0.00974761 0.122109
0 0.528285 0.0933298 0.0104439 0.122109
0 0.392167 0.577192 0.0104439 0.119419
0 0.404265 0.0798817 0.0109661 0.116729
0 0.815753 0.566434 0.013403 0.0968262
0 0.466406 0.321678 0.0109661 0.121571
0 0.910531 0.114309 0.0125326 0.118881
0 0.527937 0.308499 0.00939948 0.110274
0 0.464404 0.09844 0.0104439 0.118343
0 0.118103 0.567778 0.0127067 0.128564
0 0.655091 0.813072 0.0120104 0.132867
0 0.478677 0.0637439 0.0114883 0.122109
0 0.686945 0.842926 0.0200174 0.119419
0 0.852742 0.82383 0.0156658 0.109198
0 0.0836379 0.798548 0.0106179 0.103819
0 0.627676 0.572082 0.0111401 0.126412
0 0.366841 0.866595 0.0116623 0.0946746
0 0.756484 0.847499 0.0174064 0.103819
0 0.429069 0.330823 0.00974761 0.119419
0 0.479983 0.576116 0.00852916 0.100054
0 0.478155 0.350995 0.010792 0.0962883
0 0.897737 0.867133 0.0175805 0.102205
0 0.210357 0.85503 0.0113142 0.130715
0 0.402698 0.307154 0.00992167 0.0968262
0 0.44604 0.0718128 0.0102698 0.130715
0 0.3047 0.330016 0.0116623 0.118881
0 0.640557 0.818989 0.0100957 0.140398
0 0.246127 0.833513 0.0114883 0.149005
0 0.716449 0.307423 0.013577 0.107047
0 0.44195 0.530931 0.00870322 0.122647
0 0.282158 0.103281 0.0118364 0.154922
0 0.493037 0.309306 0.00922541 0.104357
0 0.728808 0.822754 0.013577 0.118881
0 0.329939 0.852071 0.0165361 0.124798
0 0.54282 0.29532 0.0106179 0.115116
0 0.653003 0.318182 0.0113142 0.123185
0 0.604787 0.577192 0.0113142 0.110812
0 0.178764 0.843464 0.0111401 0.151694
0 0.0333333 0.846423 0.0224543 0.169446
0 0.606789 0.316568 0.0114883 0.119957
0 0.92376 0.846154 0.0250653 0.121571
0 0.705744 0.869823 0.013403 0.109736
0 0.0569191 0.838085 0.0156658 0.132329
0 0.579634 0.324368 0.010792 0.118343
0 0.409225 0.842926 0.0111401 0.131253
0 0.219495 0.0849919 0.0118364 0.109736
0 0.956658 0.849112 0.0240209 0.121033
0 0.147084 0.840775 0.0128808 0.120495
0 0.871715 0.861754 0.0156658 0.118343
