0 0.226041 0.588289 0.0137471 0.0523684
0 0.683425 0.292895 0.0104739 0.0584211
0 0.0898141 0.105132 0.0112595 0.0713158
0 0.523566 0.456711 0.0109976 0.0881579
0 0.278476 0.294605 0.0136161 0.0944737
0 0.99077 0.174079 0.0153181 0.0981579
0 0.322925 0.973947 0.0184603 0.0521053
0 0.476434 0.249868 0.0133543 0.0592105
0 0.194226 0.985 0.0161037 0.03
0 0.606769 0.0353947 0.0129615 0.0665789
0 0.192721 0.816447 0.0298507 0.0928947
0 0.18912 0.796974 0.0218644 0.0581579
0 0.396504 0.510658 0.0134852 0.0792105
0 0.233765 0.976579 0.0132234 0.0457895
0 0.132364 0.493816 0.0109976 0.0776316
0 0.590534 0.0310526 0.0116523 0.0605263
0 0.615148 0.257237 0.0163655 0.0639474
0 0.754648 0.487237 0.0107358 0.0734211
0 0.746007 0.489342 0.0107358 0.0765789
0 0.642969 0.0546053 0.00864101 0.0665789
0 0.0305708 0.630395 0.01558 0.0497368
0 0.296151 0.0747368 0.0091647 0.0573684
0 0.655342 0.0393421 0.012176 0.0692105
0 0.206795 0.258684 0.0129615 0.0910526
0 0.352317 0.0538158 0.0117832 0.0844737
0 0.265515 0.250263 0.0217334 0.0968421
0 0.205551 0.116974 0.0109976 0.0655263
0 0.56448 0.755132 0.0129615 0.0560526
0 0.383543 0.106842 0.00981932 0.0673684
0 0.0953784 0.279474 0.01558 0.0684211
0 0.0724012 0.0863158 0.0144017 0.0721053
0 0.26558 0.9875 0.0236973 0.025
0 0.466352 0.966316 0.0230427 0.0673684
0 0.0523697 0.529211 0.0243519 0.101053
0 0.28476 0.0556579 0.0104739 0.0897368
0 0.163983 0.312105 0.0132234 0.0594737
0 0.27409 0.274868 0.0218644 0.0760526
0 0.333857 0.519868 0.00942655 0.0592105
0 0.117374 0.0984211 0.0100812 0.0757895
0 0.44331 0.673421 0.0130924 0.0615789
0 0.717989 0.0311842 0.0175439 0.0581579
0 0.0797984 0.511711 0.0137471 0.0665789
0 0.495156 0.707105 0.0107358 0.0884211
0 0.23514 0.791053 0.019115 0.0468421
0 0.770031 0.223158 0.0137471 0.0768421
0 0.366915 0.325789 0.00851008 0.0678947
0 0.140285 0.0876316 0.0119141 0.0721053
0 0.101794 0.295526 0.0145326 0.0763158
0 0.257659 0.253289 0.0123069 0.102368
0 0.456991 0.751974 0.0150563 0.0771053
0 0.556232 0.505395 0.0111286 0.0744737
0 0.106311 0.0888158 0.0123069 0.0697368
0 0.746531 0.755658 0.0167583 0.0660526
0 0.79111 0.746053 0.0108667 0.06
0 0.347539 0.276974 0.0116523 0.0686842
0 0.503731 0.500132 0.0108667 0.0776316
0 0.429628 0.493289 0.010343 0.0892105
0 0.669351 0.0557895 0.0129615 0.0742105
0 0.254713 0.528816 0.00981932 0.0502632
0 0.685389 0.0457895 0.0104739 0.0726316
0 0.517217 0.227368 0.00772454 0.0747368
0 0.148075 0.744605 0.0109976 0.0592105
0 0.160186 0.548026 0.0150563 0.0560526
0 0.599044 0.801053 0.0134852 0.0610526
0 0.697565 0.660132 0.0157109 0.0802632
0 0.811796 0.508158 0.0126997 0.0684211
0 0.478725 0.951447 0.0223881 0.0792105
0 0.410186 0.304868 0.00995025 0.0744737
0 0.166274 0.753947 0.0144017 0.0536842
0 0.13662 0.664868 0.0126997 0.0844737
0 0.381121 0.746842 0.0167583 0.0636842
0 0.533189 0.725526 0.0140089 0.0947368
0 0.14657 0.293158 0.0116523 0.0542105
0 0.465501 0.736053 0.0142708 0.0726316
0 0.503928 0.241579 0.00837916 0.0747368
0 0.391136 0.281447 0.0100812 0.0734211
0 0.304792 0.279474 0.0128306 0.0615789
0 0.0404556 0.530789 0.0361351 0.100526
0 0.547002 0.231579 0.0102121 0.0715789
0 0.410513 0.509605 0.0111286 0.0792105
0 0.0957057 0.463947 0.0230427 0.0731579
0 0.454962 0.216579 0.00995025 0.0573684
0 0.408942 0.971316 0.0168892 0.0557895
0 0.189382 0.534342 0.0161037 0.0792105
0 0.201558 0.284605 0.0134852 0.095
0 0.394868 0.538289 0.0123069 0.0723684
0 0.592171 0.508421 0.0130924 0.0826316
0 0.316379 0.0806579 0.0116523 0.0807895
0 0.328882 0.7325 0.0109976 0.0802632
0 0.843873 0.492632 0.0216025 0.0926316
0 0.577507 0.275921 0.0117832 0.0571053
0 0.0438596 0.794342 0.0204242 0.0776316
0 0.269311 0.566316 0.0115213 0.0721053
0 0.299358 0.511053 0.0145326 0.0684211
0 0.0713538 0.299342 0.0209479 0.0897368
0 0.766627 0.4975 0.0145326 0.0744737
