0 0.317655 0.54712 0.0144249 0.0595307
0 0.111145 0.118868 0.0233017 0.0674811
0 0.184318 0.411383 0.0147947 0.0475082
0 0.70614 0.601416 0.00875354 0.0521621
0 0.767291 0.162304 0.0247812 0.103549
0 0.703797 0.195075 0.0210825 0.0849331
0 0.468808 0.499903 0.0122056 0.0891991
0 0.180681 0.515804 0.0126988 0.0504169
0 0.350943 0.801435 0.0129454 0.0616638
0 0.657132 0.112372 0.014055 0.0847392
0 0.0680557 0.196141 0.0399458 0.185573
0 0.718222 0.453655 0.00998644 0.0444057
0 0.22901 0.352434 0.0114659 0.050223
0 0.646036 0.976731 0.0125755 0.034904
0 0.569782 0.326353 0.014918 0.0864844
0 0.40741 0.343611 0.00776723 0.0729106
0 0.444396 0.482063 0.0109728 0.0628272
0 0.597522 0.764204 0.0114659 0.0438239
0 0.824374 0.300368 0.0183701 0.0833818
0 0.609974 0.251988 0.00998644 0.10064
0 0.539638 0.96209 0.0113426 0.0645724
0 0.306127 0.124491 0.0108495 0.0539073
0 0.0731722 0.565057 0.0390827 0.089587
0 0.778511 0.494861 0.0200962 0.058949
0 0.195599 0.352143 0.010233 0.0515804
0 0.656269 0.580667 0.0108495 0.0490595
0 0.204229 0.297751 0.0188633 0.0859027
0 0.57909 0.51464 0.0125755 0.0725228
0 0.129022 0.878418 0.00949328 0.0508047
0 0.493342 0.587745 0.0114659 0.0473143
0 0.496363 0.77196 0.0115892 0.0531317
0 0.840094 0.780202 0.0209592 0.0754315
0 0.861423 0.485554 0.015781 0.0868722
0 0.826778 0.499612 0.0147947 0.0552647
0 0.305326 0.538879 0.013192 0.0535195
0 0.578905 0.449971 0.00949328 0.0746558
0 0.306251 0.607136 0.00986315 0.0628272
0 0.953951 0.981869 0.0156577 0.0312197
0 0.610097 0.118965 0.0126988 0.0800853
0 0.272038 0.30764 0.0193564 0.0727167
0 0.843238 0.751018 0.0255209 0.100446
0 0.230921 0.831685 0.0123289 0.0550708
0 0.697386 0.978282 0.0124522 0.0364553
0 0.895759 0.252375 0.0183701 0.0874539
0 0.132289 0.355245 0.0130687 0.0868722
0 0.516028 0.805604 0.0114659 0.0405274
0 0.245038 0.544018 0.00949328 0.0649602
0 0.478239 0.114214 0.0150413 0.0725228
0 0.745038 0.614311 0.0103563 0.04809
0 0.452349 0.371534 0.0147947 0.0573977
0 0.777648 0.619546 0.013192 0.0624394
0 0.126002 0.0476052 0.0236716 0.0921078
0 0.234928 0.272445 0.0126988 0.0628272
0 0.726852 0.907795 0.0117125 0.0463448
0 0.27925 0.826256 0.0155345 0.0620516
0 0.186352 0.827419 0.0299593 0.0558464
0 0.0764394 0.778553 0.0199729 0.0484778
0 0.288929 0.82548 0.0208359 0.0593368
0 0.785168 0.176362 0.024288 0.136707
0 0.82832 0.28185 0.0186167 0.0773706
0 0.277524 0.549738 0.014055 0.0783401
0 0.163297 0.14078 0.054124 0.159007
0 0.638701 0.745879 0.0141783 0.0525499
0 0.0069042 0.0706806 0.0135618 0.120031
0 0.493096 0.115377 0.0129454 0.0709715
0 0.464554 0.760714 0.011096 0.0732984
0 0.472753 0.111402 0.0144249 0.074268
0 0.680927 0.975955 0.0138084 0.0391701
0 0.67242 0.583964 0.0101097 0.0552647
0 0.392368 0.325577 0.0107262 0.0795036
0 0.0160893 0.396161 0.0321785 0.093853
0 0.0820491 0.789122 0.0304525 0.0703898
0 0.277709 0.107815 0.0122056 0.0577855
0 0.0883985 0.386853 0.0199729 0.0639907
0 0.703982 0.282238 0.0125755 0.0870661
0 0.514363 0.555749 0.0115892 0.0779523
0 0.345703 0.79077 0.0150413 0.072135
0 0.717791 0.602773 0.00936999 0.0583673
0 0.579275 0.232403 0.0109728 0.0734923
0 0.747503 0.460733 0.0108495 0.0806671
0 0.445075 0.567287 0.0133153 0.0703898
0 0.246949 0.0763041 0.014055 0.124685
0 0.622735 0.479736 0.0115892 0.0926896
0 0.773333 0.51338 0.0233017 0.0859027
0 0.0774874 0.583673 0.0282333 0.0624394
0 0.173468 0.314912 0.0133153 0.0996704
0 0.352608 0.722319 0.0125755 0.0663176
0 0.306497 0.31559 0.0192331 0.0727167
0 0.631303 0.126333 0.0114659 0.0688385
0 0.519356 0.0884235 0.010233 0.0651542
0 0.389903 0.80987 0.0205893 0.0692263
0 0.42504 0.108493 0.0144249 0.0820244
0 0.471089 0.540818 0.0115892 0.0919139
0 0.101714 0.147372 0.0184934 0.123328
0 0.873628 0.233566 0.0286031 0.129727
0 0.366539 0.502812 0.00912341 0.0756254
0 0.281655 0.57039 0.0146714 0.0866783
0 0.0530144 0.627206 0.0271237 0.0707776
0 0.410122 0.576789 0.010233 0.067675
0 0.955554 0.268082 0.0205893 0.0777584
0 0.0681174 0.83886 0.0343977 0.101609
0 0.477438 0.149021 0.0176304 0.139034
0 0.0181235 0.578243 0.0325484 0.0787279
0 0.545124 0.0863874 0.0104796 0.0789219
0 0.564727 0.110239 0.0156577 0.0820244
0 0.642153 0.246461 0.0136851 0.0996704
0 0.704969 0.777293 0.0130687 0.0556525
0 0.381026 0.117413 0.0163975 0.0734923
0 0.327826 0.0996704 0.015781 0.0643785
0 0.321045 0.936882 0.0130687 0.0537134
0 0.100049 0.582218 0.0265072 0.0641846
0 0.321847 0.290479 0.0163975 0.0767888
0 0.230305 0.546539 0.0115892 0.0769827
0 0.319874 0.823541 0.0117125 0.063215
0 0.407348 0.111014 0.0138084 0.0940469
0 0.680619 0.488268 0.0117125 0.08726
0 0.0323018 0.201377 0.0426581 0.121582
0 0.383183 0.524821 0.014055 0.0987008
0 0.554247 0.782141 0.0114659 0.0564282
