0 0.39673 0.212886 0.0128822 0.0671594
0 0.933182 0.791613 0.0169875 0.0678021
0 0.901331 0.510604 0.0138732 0.0584833
0 0.195144 0.816195 0.0103341 0.0533419
0 0.122735 0.730077 0.01812 0.121465
0 0.315614 0.763817 0.0125991 0.0886889
0 0.62776 0.745341 0.0111835 0.0710154
0 0.168389 0.0446658 0.0103341 0.0745501
0 0.257149 0.507391 0.00948471 0.0456298
0 0.293247 0.246144 0.0109003 0.0951157
0 0.378185 0.218188 0.0103341 0.0597686
0 0.616435 0.475257 0.00863533 0.0642674
0 0.365091 0.253535 0.0104757 0.0745501
0 0.937075 0.0767995 0.0157135 0.0739075
0 0.604686 0.470758 0.0109003 0.0700514
0 0.952152 0.732487 0.0209513 0.0793702
0 0.572339 0.259961 0.0110419 0.0533419
0 0.777251 0.722686 0.0128822 0.0854756
0 0.694366 0.746947 0.0101925 0.0761568
0 0.583168 0.0706941 0.00920159 0.0809769
0 0.660391 0.174004 0.0107588 0.0774422
0 0.654445 0.257391 0.00821065 0.0514139
0 0.372027 0.0363111 0.00962627 0.0604113
0 0.21737 0.785186 0.00948471 0.0697301
0 0.592936 0.507391 0.00948471 0.0552699
0 0.054077 0.454692 0.0118913 0.0713368
0 0.67936 0.238432 0.00934315 0.06491
0 0.546999 0.0253856 0.0124575 0.0501285
0 0.973669 0.775707 0.0147225 0.0533419
0 0.884131 0.0904563 0.0117497 0.0697301
0 0.964397 0.484737 0.0137316 0.0710154
0 0.593573 0.254017 0.00962627 0.0594473
0 0.0580408 0.53117 0.0184032 0.0552699
0 0.439128 0.222044 0.0107588 0.0559126
0 0.696489 0.768156 0.0121744 0.0504499
0 0.438137 0.035829 0.0124575 0.0678021
0 0.23641 0.0375964 0.0127407 0.0661954
0 0.202152 0.419666 0.0133069 0.0719794
0 0.0659683 0.691677 0.0150057 0.0555913
0 0.99186 0.733451 0.014581 0.123072
0 0.844139 0.851703 0.0087769 0.0517352
0 0.0329134 0.751125 0.0117497 0.0549486
0 0.814623 0.750643 0.021376 0.118895
0 0.614029 0.0589653 0.0111835 0.0845116
0 0.574037 0.813143 0.0127407 0.063946
0 0.172353 0.308323 0.00948471 0.0594473
0 0.30889 0.221562 0.00906002 0.0645887
0 0.257503 0.226703 0.0087769 0.0613753
0 0.292752 0.212082 0.011325 0.0771208
0 0.202152 0.717706 0.01359 0.0800129
0 0.105252 0.419184 0.012316 0.0806555
0 0.812075 0.783419 0.0199604 0.105398
0 0.495187 0.196979 0.0147225 0.0841902
0 0.120187 0.0332584 0.0133069 0.0588046
0 0.747452 0.0480398 0.0110419 0.0723008
0 0.916266 0.279884 0.0165629 0.0604113
0 0.225864 0.239396 0.0131653 0.0655527
0 0.816888 0.71642 0.0182616 0.104434
0 0.17391 0.4616 0.0159966 0.0877249
0 0.143191 0.0257069 0.0109003 0.0514139
0 0.835787 0.775064 0.0161382 0.100257
0 0.894394 0.21867 0.0138732 0.0716581
0 0.810872 0.0700514 0.0147225 0.0739075
0 0.0445215 0.376285 0.0171291 0.0719794
0 0.041124 0.467224 0.0109003 0.0713368
0 0.565968 0.035829 0.00962627 0.065874
0 0.203497 0.690231 0.0120328 0.094473
0 0.608296 0.205656 0.00962627 0.0790488
0 0.709371 0.760283 0.00934315 0.0584833
0 0.274774 0.247911 0.0133069 0.0870823
0 0.948683 0.50723 0.0131653 0.0716581
0 0.411311 0.217545 0.0125991 0.0861183
0 0.119125 0.169344 0.0134485 0.0841902
0 0.504955 0.461922 0.0161382 0.0678021
0 0.689623 0.265103 0.0111835 0.0694087
0 0.667681 0.0350257 0.0109003 0.0687661
0 0.322268 0.52635 0.0103341 0.059126
0 0.0222254 0.70678 0.0107588 0.0845116
0 0.204488 0.0398458 0.0120328 0.0706941
0 0.345838 0.382069 0.011325 0.0919023
0 0.238675 0.445212 0.0152888 0.0812982
0 0.339609 0.722204 0.0118913 0.0697301
0 0.694366 0.468188 0.0130238 0.0816195
0 0.260334 0.751285 0.0110419 0.06491
0 0.85964 0.46642 0.012316 0.0774422
0 0.80521 0.528117 0.0124575 0.0543059
0 0.139581 0.218509 0.0144394 0.0726221
0 0.422636 0.779081 0.0109003 0.0690874
0 0.192101 0.232005 0.00962627 0.0919023
0 0.889369 0.460315 0.0111835 0.0960797
0 0.761537 0.501607 0.0157135 0.105398
0 0.120682 0.686536 0.0148641 0.0941517
0 0.64404 0.207905 0.0142978 0.0732648
0 0.72282 0.517031 0.0110419 0.0726221
0 0.0866365 0.201317 0.0141563 0.0800129
0 0.870258 0.472204 0.0109003 0.0767995
0 0.755096 0.791452 0.0147225 0.0880463
0 0.294946 0.419666 0.0157135 0.092545
0 0.471829 0.217384 0.0099094 0.0723008
0 0.53263 0.736986 0.0106172 0.0690874
0 0.783763 0.445533 0.012316 0.0947943
0 0.572622 0.436697 0.0110419 0.104756
0 0.215246 0.484415 0.0134485 0.0575193
0 0.727916 0.0377571 0.011325 0.0729434
0 0.757644 0.234576 0.0152888 0.0661954
0 0.442242 0.443284 0.0118913 0.0710154
0 0.846334 0.0700514 0.0182616 0.123393
0 0.975722 0.249357 0.0202435 0.0996144
0 0.54714 0.504017 0.0116082 0.0678021
0 0.54346 0.246947 0.0133069 0.0780848
0 0.646588 0.48554 0.0216591 0.0745501
0 0.410815 0.448104 0.0161382 0.0787275
0 0.0682333 0.208548 0.0138732 0.0796915
0 0.512174 0.792898 0.0150057 0.0755141
0 0.824108 0.102024 0.0134485 0.103792
0 0.944153 0.247108 0.0137316 0.107326
0 0.433961 0.706459 0.0140147 0.0999357
0 0.310518 0.749839 0.0154304 0.0774422
0 0.142271 0.792256 0.0175538 0.0761568
0 0.916973 0.187661 0.0261891 0.1009
0 0.592653 0.699711 0.0131653 0.0870823
0 0.857659 0.218348 0.0157135 0.0992931
0 0.653666 0.741003 0.0134485 0.0784062
0 0.891209 0.803824 0.016846 0.0883676
