0 0.340589 0.242633 0.00898286 0.0687623
0 0.158098 0.188441 0.0152018 0.0762934
0 0.623273 0.0929928 0.010503 0.0753111
0 0.367537 0.364113 0.00870647 0.100851
0 0.531371 0.441225 0.00884467 0.0861166
0 0.793394 0.806811 0.0113322 0.0903733
0 0.0769762 0.492141 0.0143726 0.0733464
0 0.0162383 0.656189 0.025843 0.104781
0 0.567993 0.048461 0.0107794 0.0870989
0 0.578911 0.287983 0.00967385 0.0592665
0 0.697899 0.113294 0.0110558 0.0674525
0 0.880735 0.512606 0.0157546 0.0448592
0 0.291943 0.0784217 0.00815368 0.061886
0 0.20937 0.0545187 0.0102266 0.0723641
0 0.828496 0.528815 0.0113322 0.048461
0 0.301962 0.772266 0.0212825 0.0651604
0 0.286622 0.282089 0.014649 0.0874263
0 0.976437 0.0239031 0.0197623 0.0471513
0 0.820757 0.484119 0.0116086 0.0848068
0 0.449074 0.779797 0.0122996 0.0507531
0 0.910931 0.51539 0.0145108 0.0681074
0 0.772181 0.48019 0.0178275 0.103798
0 0.356412 0.0900458 0.00912106 0.0726916
0 0.167012 0.0500982 0.0103648 0.0746562
0 0.304726 0.429437 0.00995025 0.0952849
0 0.753109 0.554027 0.00925926 0.0641781
0 0.409411 0.082351 0.0100884 0.0625409
0 0.0254975 0.656025 0.0239082 0.0959397
0 0.719113 0.521775 0.00898286 0.0789129
0 0.692717 0.329077 0.0106412 0.0897184
0 0.80908 0.491978 0.0131288 0.0703995
0 0.332228 0.0888998 0.00912106 0.0717092
0 0.783513 0.322364 0.00898286 0.0612312
0 0.101783 0.640144 0.0142344 0.0890635
0 0.369748 0.130321 0.0114704 0.0661428
0 0.422471 0.537819 0.0107794 0.0559921
0 0.295467 0.750491 0.0215589 0.0622135
0 0.64186 0.288802 0.00815368 0.0622135
0 0.910931 0.839882 0.011194 0.0530452
0 0.654022 0.0834971 0.00898286 0.0772757
0 0.779229 0.562541 0.00925926 0.059594
0 0.668601 0.743124 0.0102266 0.0631958
0 0.195274 0.484774 0.00912106 0.0703995
0 0.0267413 0.490177 0.0291598 0.0877538
0 0.521904 0.531762 0.00925926 0.0609037
0 0.356481 0.257204 0.0100884 0.0821873
0 0.697554 0.552554 0.0117468 0.0612312
0 0.7661 0.852325 0.0167219 0.0550098
0 0.632048 0.583006 0.0120232 0.0710544
0 0.383983 0.349214 0.00981205 0.0749836
0 0.270453 0.936477 0.0116086 0.0720367
0 0.380943 0.79093 0.0122996 0.0743288
0 0.0973604 0.654224 0.0161692 0.0877538
0 0.585752 0.0740013 0.0136816 0.0759659
0 0.245578 0.16945 0.0102266 0.0926654
0 0.174406 0.710707 0.0129906 0.0815324
0 0.811222 0.55501 0.011885 0.070072
0 0.37804 0.538474 0.0109176 0.0638507
0 0.285379 0.518664 0.0102266 0.091683
0 0.729201 0.296496 0.00898286 0.0664702
0 0.793532 0.845121 0.0121614 0.0681074
0 0.94168 0.141126 0.010503 0.0635232
0 0.515616 0.433857 0.0102266 0.0720367
0 0.567717 0.0892272 0.0116086 0.0651604
0 0.526879 0.75262 0.0109176 0.0631958
0 0.622582 0.318435 0.00995025 0.0697446
0 0.178897 0.0761297 0.00815368 0.09463
0 0.546642 0.820236 0.0106412 0.0661428
0 0.243228 0.517354 0.00856827 0.0602489
0 0.596531 0.391454 0.00925926 0.0559921
0 0.0465727 0.250655 0.011885 0.0880812
0 0.796158 0.325147 0.00884467 0.0582842
0 0.515962 0.0736739 0.00981205 0.0713818
0 0.220702 0.235593 0.00801548 0.0854617
0 0.956606 0.137688 0.0157546 0.0631958
0 0.696517 0.301081 0.0124378 0.0631958
0 0.18332 0.263589 0.0109176 0.0877538
0 0.55984 0.797479 0.00995025 0.0717092
0 0.960406 0.941552 0.0183803 0.0586117
0 0.677515 0.529797 0.0100884 0.0792403
0 0.0999862 0.101342 0.0156164 0.0710544
0 0.36581 0.388834 0.00995025 0.101179
0 0.228648 0.424525 0.00981205 0.078258
0 0.877626 0.756876 0.0114704 0.0690897
0 0.2538 0.510478 0.00732449 0.0622135
0 0.0679934 0.701048 0.0157546 0.0825147
0 0.499033 0.0713818 0.0124378 0.0746562
0 0.741639 0.110838 0.00925926 0.061886
0 0.914455 0.547315 0.0143726 0.0625409
0 0.284066 0.255239 0.011194 0.0756385
0 0.67793 0.311559 0.00981205 0.0579568
0 0.610696 0.794859 0.0113322 0.073019
0 0.23238 0.641126 0.0106412 0.0766208
0 0.174613 0.51277 0.0128524 0.0759659
0 0.308527 0.0776031 0.00981205 0.0641781
0 0.110766 0.265062 0.011194 0.0756385
0 0.580569 0.537328 0.013267 0.0694172
0 0.277847 0.786346 0.0128524 0.0605763
0 0.650981 0.554191 0.0128524 0.0815324
0 0.457711 0.285855 0.00912106 0.0707269
0 0.0136125 0.697282 0.0239082 0.0926654
0 0.642067 0.733464 0.0110558 0.0818599
0 0.353648 0.791257 0.011885 0.0579568
0 0.892137 0.83317 0.013958 0.056647
0 0.54215 0.0586117 0.0107794 0.0772757
0 0.965934 0.841519 0.01534 0.0975769
0 0.326354 0.744925 0.0120232 0.0707269
0 0.398425 0.81647 0.0129906 0.0703995
0 0.157615 0.259659 0.012576 0.0681074
0 0.739981 0.499836 0.0109176 0.0749836
0 0.680901 0.114931 0.0129906 0.0726916
0 0.253109 0.235593 0.0117468 0.0651604
0 0.19555 0.703831 0.010503 0.0828422
0 0.584923 0.775704 0.0120232 0.0753111
0 0.202875 0.268337 0.00912106 0.089391
0 0.352612 0.490832 0.011194 0.064833
0 0.480376 0.078258 0.0171365 0.0766208
0 0.718076 0.785527 0.0163074 0.0517354
0 0.755666 0.298952 0.0135434 0.0628684
0 0.333541 0.546333 0.0100884 0.0913556
