0 0.883169 0.0413747 0.0110793 0.0827494
0 0.645774 0.0854188 0.00908751 0.106106
0 0.372526 0.491325 0.0153118 0.119119
0 0.921885 0.0740741 0.0125731 0.121455
0 0.167746 0.196697 0.0118262 0.107107
0 0.864123 0.626126 0.014067 0.0657324
0 0.622308 0.219052 0.0107058 0.0737404
0 0.909934 0.0617284 0.0130711 0.123457
0 0.969563 0.360861 0.0158098 0.0677344
0 0.529379 0.64014 0.0118262 0.111778
0 0.00765592 0.411411 0.0125731 0.0927594
0 0.278912 0.584751 0.0103324 0.0850851
0 0.831259 0.034034 0.0120752 0.0680681
0 0.182497 0.388388 0.0161832 0.0994328
0 0.325283 0.647648 0.0176771 0.105439
0 0.442736 0.152986 0.00908751 0.10377
0 0.516743 0.464464 0.00896303 0.146146
0 0.508901 0.0613947 0.00946097 0.121455
0 0.432715 0.200033 0.0121997 0.0884218
0 0.814142 0.0700701 0.0144404 0.112779
0 0.454376 0.657324 0.0107058 0.0647314
0 0.468754 0.0777444 0.0100834 0.121455
0 0.317441 0.626627 0.0236524 0.0934268
0 0.5666 0.0345345 0.00958546 0.0690691
0 0.38958 0.211044 0.0113283 0.12646
0 0.991784 0.232399 0.0146894 0.134468
0 0.809411 0.271438 0.0102079 0.0797464
0 0.36848 0.470971 0.0161832 0.0930931
0 0.430972 0.0638972 0.0109548 0.107107
0 0.82242 0.348015 0.0105814 0.0787454
0 0.38678 0.178178 0.0131956 0.188856
0 0.428234 0.654488 0.00796714 0.101768
0 0.620752 0.0790791 0.0100834 0.108108
0 0.340595 0.336336 0.0119507 0.0847514
0 0.984875 0.640641 0.0148139 0.0854188
0 0.609486 0.283951 0.009212 0.0920921
0 0.927175 0.0874208 0.0129466 0.128128
0 0.760861 0.524191 0.0121997 0.0767434
0 0.865368 0.0538872 0.00958546 0.107774
0 0.284265 0.168168 0.0105814 0.108108
0 0.345201 0.616116 0.0164322 0.125792
0 0.596041 0.718719 0.0126976 0.135469
0 0.55465 0.0815816 0.0123242 0.109109
0 0.502614 0.358192 0.0105814 0.100434
0 0.258932 0.535869 0.0179261 0.103437
0 0.847691 0.0487154 0.0105814 0.0974308
0 0.733661 0.521188 0.00908751 0.0914248
0 0.416843 0.13697 0.0110793 0.0997664
0 0.779161 0.105272 0.0121997 0.0930931
0 0.0197934 0.493493 0.0119507 0.0847514
0 0.231358 0.159493 0.00809162 0.138138
0 0.914851 0.0595596 0.0126976 0.119119
0 0.46782 0.34985 0.00821611 0.0997664
0 0.981265 0.65966 0.0182995 0.103437
0 0.16731 0.141141 0.0124486 0.114781
0 0.515001 0.249416 0.0107058 0.119119
0 0.516806 0.525859 0.00883854 0.1001
0 0.240383 0.477811 0.00946097 0.115449
0 0.856778 0.305639 0.0108303 0.101435
0 0.597722 0.110277 0.0100834 0.0824158
0 0.896676 0.0702369 0.009212 0.115115
0 0.672289 0.145145 0.0110793 0.109443
0 0.973484 0.685185 0.0176771 0.0970971
0 0.409685 0.852686 0.0107058 0.109776
0 0.253952 0.154321 0.00896303 0.0857524
0 0.734159 0.154655 0.0130711 0.138472
0 0.198618 0.150817 0.014067 0.107441
0 0.454749 0.0527194 0.0117017 0.105439
0 0.455247 0.801468 0.0102079 0.100767
0 0.973671 0.967968 0.013818 0.0580581
0 0.40981 0.227561 0.0102079 0.0954288
0 0.656355 0.66333 0.0115772 0.0960961
0 0.940246 0.122789 0.0139425 0.165499
0 0.329516 0.52636 0.0161832 0.0910911
0 0.35572 0.228896 0.013569 0.154154
0 0.593365 0.760928 0.0128221 0.159159
0 0.226005 0.652319 0.013569 0.0840841
0 0.843085 0.293126 0.0105814 0.125125
0 0.440931 0.28028 0.00946097 0.0920921
0 0.472426 0.227728 0.0102079 0.127794
0 0.336363 0.204204 0.0166812 0.118118
0 0.530188 0.596263 0.0119507 0.12012
0 0.760052 0.121622 0.00983443 0.130464
0 0.939375 0.628462 0.0308727 0.0910911
0 0.29466 0.528529 0.0196689 0.130797
0 0.320366 0.220387 0.0113283 0.117784
0 0.854351 0.665499 0.0159343 0.0904238
0 0.143533 0.531865 0.0311216 0.142142
0 0.989979 0.0667334 0.0185485 0.133467
0 0.747106 0.308141 0.0133201 0.121788
0 0.24611 0.667668 0.00970995 0.0840841
0 0.492718 0.657991 0.0107058 0.0914248
0 0.608054 0.510511 0.00983443 0.134801
0 0.740383 0.598932 0.013818 0.102769
0 0.193328 0.566567 0.0131956 0.106773
0 0.546745 0.431765 0.00970995 0.0994328
0 0.0440682 0.233734 0.0169302 0.135135
0 0.930474 0.555722 0.0173036 0.118452
0 0.717789 0.536036 0.00896303 0.127794
0 0.406884 0.582249 0.0153118 0.110777
0 0.914291 0.366366 0.0165567 0.13013
0 0.27275 0.206206 0.0126976 0.146813
0 0.0355409 0.693694 0.0357276 0.114781
0 0.110046 0.148148 0.018175 0.12012
0 0.901096 0.579913 0.0165567 0.146146
0 0.673161 0.574741 0.0123242 0.120454
0 0.881364 0.325826 0.0126976 0.124458
0 0.817814 0.562229 0.0237769 0.133467
