0 0.556954 0.494426 0.013933 0.0668869
0 0.238939 0.237201 0.0166219 0.0619323
0 0.20484 0.236581 0.0107553 0.0536746
0 0.13273 0.864884 0.0124664 0.033237
0 0.642325 0.477291 0.0123442 0.0557391
0 0.695612 0.915669 0.018944 0.0571841
0 0.181068 0.233485 0.0125886 0.0507845
0 0.670802 0.953551 0.0125886 0.0821635
0 0.174529 0.851775 0.0232217 0.028076
0 0.0941701 0.0772089 0.0245661 0.0255987
0 0.295588 0.97822 0.015033 0.040256
0 0.271755 0.980285 0.0133219 0.0365401
0 0.245906 0.965834 0.0171107 0.050578
0 0.132364 0.280347 0.0158885 0.0474814
0 0.319482 0.223782 0.013933 0.0561519
0 0.293388 0.673514 0.00892202 0.0514038
0 0.23515 0.209228 0.0171107 0.0844344
0 0.211562 0.0595582 0.0256661 0.0324112
0 0.44879 0.97244 0.0219995 0.0493394
0 0.613909 0.453035 0.0119775 0.0617258
0 0.802921 0.916907 0.027255 0.0666804
0 0.113542 0.821841 0.0298216 0.0371594
0 0.227695 0.528489 0.0127108 0.0441784
0 0.831704 0.486375 0.0105109 0.052436
0 0.454901 0.963666 0.0180885 0.0660611
0 0.21529 0.234001 0.0108775 0.0592486
0 0.559521 0.77147 0.0117331 0.0573906
0 0.196223 0.681771 0.0106331 0.0815442
0 0.217612 0.438584 0.0142997 0.0447977
0 0.85132 0.653799 0.0206551 0.0214699
0 0.540944 0.75578 0.0109998 0.0495458
0 0.975862 0.657824 0.0424102 0.0295211
0 0.280677 0.66505 0.0113664 0.0588357
0 0.592031 0.974711 0.0210218 0.043559
0 0.482706 0.476259 0.012833 0.076796
