0 0.137531 0.68721 0.0264411 0.0308654
0 0.07099 0.548114 0.0307018 0.0238047
0 0.0273183 0.595219 0.0333333 0.023603
0 0.795489 0.828727 0.0265664 0.0246117
0 0.905639 0.109441 0.0330827 0.0276377
0 0.630514 0.85344 0.0166667 0.037321
0 0.80213 0.834073 0.0263158 0.0211822
0 0.00783208 0.0827113 0.0151629 0.0512407
0 0.54906 0.857373 0.0211779 0.020577
0 0.29599 0.0221908 0.026817 0.0399435
0 0.938972 0.833165 0.0315789 0.0238047
0 0.159211 0.8953 0.0131579 0.0657656
0 0.0298246 0.869074 0.0486216 0.0338915
0 0.261466 0.193766 0.0169173 0.0405487
0 0.123371 0.862417 0.0126566 0.0411539
0 0.548058 0.120637 0.0369674 0.0282429
0 0.257769 0.827012 0.0177945 0.0260238
0 0.957707 0.031168 0.0261905 0.0369175
0 0.0463033 0.863425 0.0457393 0.0351019
0 0.0879073 0.812185 0.029198 0.0221908
0 0.0186717 0.0542667 0.0373434 0.0964293
0 0.281078 0.833871 0.0115288 0.0445834
0 0.0736216 0.247024 0.014411 0.0599153
0 0.226002 0.0231995 0.0309524 0.0306637
0 0.518296 0.884708 0.0140351 0.0429695
0 0.0285714 0.813294 0.0388471 0.0244099
0 0.828446 0.0285455 0.0185464 0.0538632
0 0.13703 0.554368 0.0259399 0.0286464
0 0.361028 0.851422 0.0150376 0.0441799
0 0.934085 0.577365 0.0343358 0.0250151
0 0.0635338 0.47902 0.0365915 0.0675812
0 0.0947368 0.63254 0.024812 0.0316724
0 0.952193 0.379968 0.0525063 0.0324793
0 0.775815 0.892879 0.0223058 0.040347
0 0.346241 0.331854 0.0303258 0.0342949
0 0.168734 0.6279 0.0189223 0.0336897
