0 0.938965 0.926099 0.0280762 0.039011
0 0.538879 0.767766 0.0118408 0.056044
0 0.761108 0.41456 0.0246582 0.0199634
0 0.526306 0.604487 0.0201416 0.0331502
0 0.652405 0.763553 0.0106201 0.0461538
0 0.882874 0.151923 0.0767822 0.0364469
0 0.953918 0.907234 0.0325928 0.0265568
0 0.0302124 0.172527 0.0423584 0.0252747
0 0.594055 0.447985 0.0164795 0.0241758
0 0.00598145 0.937637 0.0112305 0.057326
0 0.464722 0.280311 0.0205078 0.0379121
0 0.0814819 0.945421 0.0218506 0.0318681
0 0.0159302 0.281685 0.0318604 0.0333333
0 0.757874 0.585165 0.0335693 0.0201465
0 0.110168 0.111722 0.0311279 0.0307692
0 0.445984 0.868132 0.0115967 0.03663
0 0.658508 0.943773 0.0108643 0.0435897
0 0.862488 0.0381868 0.0272217 0.0459707
0 0.455261 0.728571 0.0108643 0.0432234
0 0.136658 0.17619 0.0238037 0.0267399
0 0.184021 0.876648 0.0169678 0.0250916
0 0.281738 0.64707 0.0258789 0.0238095
0 0.758728 0.600824 0.0333252 0.0225275
0 0.117065 0.882692 0.0114746 0.0408425
0 0.736267 0.0942308 0.0328369 0.0415751
0 0.813538 0.9337 0.02771 0.0567766
0 0.402954 0.901007 0.0134277 0.0342491
0 0.683044 0.920879 0.0223389 0.0494506
0 0.635193 0.932967 0.010376 0.052381
0 0.68927 0.42152 0.0159912 0.0357143
0 0.295654 0.0302198 0.0302734 0.0586081
0 0.153809 0.61456 0.0395508 0.0188645
0 0.246033 0.630128 0.03479 0.0192308
0 0.347229 0.800641 0.0098877 0.0470696
0 0.534607 0.614652 0.0272217 0.025641
0 0.0130615 0.172527 0.026123 0.0307692
0 0.731812 0.979487 0.0166016 0.0358974
0 0.753723 0.921886 0.0235596 0.0382784
0 0.20929 0.926099 0.0140381 0.0481685
0 0.191223 0.931227 0.0301514 0.0441392
0 0.951172 0.940934 0.0388184 0.0452381
0 0.869568 0.274084 0.0372314 0.042674
0 0.91803 0.115201 0.0294189 0.0223443
0 0.37323 0.0805861 0.0216064 0.03663
0 0.299072 0.884615 0.0297852 0.025641
0 0.206726 0.111905 0.0633545 0.067033
0 0.210327 0.717949 0.0195312 0.0454212
0 0.897461 0.412363 0.048584 0.0298535
0 0.0635986 0.415385 0.0307617 0.0208791
0 0.392395 0.918498 0.012085 0.0424908
0 0.0803223 0.644963 0.0527344 0.028022
0 0.585938 0.932143 0.0151367 0.0470696
0 0.923767 0.987088 0.0335693 0.0199634
0 0.398315 0.130861 0.0144043 0.0397436
0 0.529236 0.907692 0.0145264 0.0648352
0 0.548279 0.710073 0.0128174 0.0516484
0 0.920532 0.93544 0.032959 0.0346154
0 0.0792847 0.32967 0.0421143 0.0479853
0 0.059021 0.65 0.0455322 0.0326007
0 0.602844 0.73315 0.0101318 0.0608059
0 0.339172 0.703114 0.0264893 0.0369963
0 0.332458 0.588278 0.0355225 0.0186813
0 0.421326 0.0391026 0.026001 0.0496337
0 0.888123 0.620788 0.0267334 0.0192308
0 0.903259 0.145238 0.0421143 0.025641
0 0.29895 0.859982 0.0317383 0.0247253
0 0.592468 0.191758 0.0301514 0.021978
0 0.269348 0.940018 0.0333252 0.0327839
0 0.0203857 0.13544 0.0407715 0.0254579
0 0.14624 0.891392 0.019043 0.0531136
0 0.889465 0.104029 0.0501709 0.0347985
0 0.0689087 0.913187 0.0250244 0.0435897
