0 0.953873 0.297203 0.0125326 0.0629371
0 0.542907 0.825982 0.0125326 0.110274
0 0.437946 0.849919 0.0132289 0.117267
0 0.32463 0.321409 0.0104439 0.0823023
0 0.293299 0.0642819 0.00939948 0.12426
0 0.349869 0.456428 0.0125326 0.128564
0 0.359791 0.555944 0.0100957 0.0887574
0 0.505918 0.799892 0.0109661 0.110812
0 0.685117 0.091447 0.0100957 0.0763852
0 0.655004 0.0559441 0.00939948 0.10113
0 0.433943 0.135826 0.00939948 0.0715438
0 0.214012 0.780258 0.0106179 0.0736955
0 0.626197 0.0231307 0.0102698 0.0462614
0 0.759704 0.0892953 0.0109661 0.0946746
0 0.516449 0.591716 0.00939948 0.0968262
0 0.378329 0.254976 0.00992167 0.105433
0 0.266232 0.063206 0.00887728 0.0833782
0 0.322019 0.0605164 0.00974761 0.0747714
0 0.474587 0.0346961 0.0109661 0.0693921
0 0.842211 0.538462 0.0109661 0.0892953
0 0.191123 0.285906 0.00939948 0.0855299
0 0.689469 0.0311996 0.00939948 0.0623991
0 0.327502 0.307423 0.00818103 0.0812265
0 0.083899 0.0583647 0.0111401 0.116729
0 0.707398 0.335933 0.0100957 0.0941366
0 0.342733 0.0298548 0.00974761 0.0597095
0 0.211749 0.556213 0.0106179 0.0731576
0 0.549608 0.788596 0.00922541 0.0882195
0 0.728895 0.0519096 0.00852916 0.103819
0 0.515231 0.787251 0.00765883 0.0930608
0 0.0818103 0.0303927 0.00939948 0.0607854
0 0.369191 0.857988 0.00939948 0.0957504
0 0.80705 0.540075 0.0140992 0.105433
0 0.171802 0.530662 0.0114883 0.0995159
0 0.725762 0.142281 0.00852916 0.0876815
0 0.253525 0.0925229 0.0106179 0.10113
0 0.666406 0.0626681 0.00852916 0.0823023
0 0.513664 0.527434 0.0100957 0.107047
0 0.613664 0.0919849 0.00922541 0.0710059
0 0.600783 0.0524476 0.0102698 0.0855299
0 0.303481 0.105702 0.00748477 0.0812265
0 0.764056 0.0535234 0.00922541 0.102743
0 0.557789 0.540613 0.0102698 0.0979021
0 0.574587 0.0406132 0.0100957 0.0812265
0 0.913229 0.582571 0.0203655 0.106509
0 0.180766 0.88865 0.0123586 0.116191
0 0.175283 0.547875 0.0132289 0.121033
0 0.442994 0.830016 0.0100957 0.0806885
0 0.296867 0.0944056 0.00922541 0.102743
0 0.913316 0.118881 0.0125326 0.0935987
0 0.918712 0.258472 0.0125326 0.0812265
0 0.0358573 0.84965 0.0254134 0.201721
0 0.654308 0.0922539 0.00939948 0.0898332
0 0.844561 0.5156 0.0125326 0.11135
0 0.710531 0.318451 0.0132289 0.0989779
0 0.635944 0.32114 0.0102698 0.0817644
0 0.464491 0.319527 0.0109661 0.112964
0 0.666754 0.280796 0.00852916 0.0903712
0 0.910879 0.0852609 0.0125326 0.0693921
0 0.0736292 0.133405 0.0132289 0.108661
0 0.460923 0.332168 0.0125326 0.0909091
0 0.967189 0.860947 0.0248912 0.122109
0 0.363098 0.0519096 0.00905135 0.0995159
0 0.730461 0.320065 0.00922541 0.0720818
0 0.788251 0.0645508 0.0109661 0.103281
0 0.272237 0.825982 0.0121845 0.0855299
0 0.489817 0.564013 0.00870322 0.0812265
0 0.827415 0.52582 0.0109661 0.102743
0 0.244125 0.321409 0.0120104 0.118881
0 0.365796 0.328133 0.0102698 0.0699301
0 0.0950392 0.299623 0.0100957 0.122647
0 0.467972 0.291017 0.0102698 0.0979021
0 0.590949 0.0470683 0.00939948 0.0941366
0 0.152045 0.0438408 0.00922541 0.0876815
0 0.507833 0.567509 0.0102698 0.0796127
0 0.331419 0.119419 0.00939948 0.110812
0 0.349173 0.324099 0.00974761 0.0855299
0 0.280244 0.0970952 0.00974761 0.114578
0 0.64604 0.0451856 0.00852916 0.0882195
0 0.249086 0.32652 0.0128808 0.119419
0 0.487119 0.79021 0.00922541 0.0968262
0 0.623064 0.310651 0.0140992 0.084454
0 0.253873 0.584992 0.00887728 0.0941366
0 0.477807 0.0462614 0.00939948 0.0925229
0 0.569539 0.0992469 0.0100957 0.0898332
0 0.102872 0.0890264 0.0104439 0.125336
0 0.685553 0.514524 0.0116623 0.100592
0 0.806092 0.81872 0.0128808 0.0925229
0 0.560139 0.841582 0.0100957 0.101668
0 0.299391 0.546799 0.0104439 0.0952125
0 0.0554395 0.602743 0.0120104 0.0930608
0 0.550044 0.533351 0.0100957 0.0930608
0 0.550392 0.298817 0.00870322 0.115654
0 0.916449 0.551103 0.0219321 0.123185
0 0.745692 0.855568 0.0219321 0.11135
0 0.502785 0.865788 0.0116623 0.116729
0 0.47772 0.355299 0.0123586 0.0855299
0 0.532028 0.82652 0.0140992 0.127488
0 0.391036 0.563744 0.0106179 0.120495
0 0.338294 0.547875 0.0102698 0.109198
0 0.60235 0.585799 0.0102698 0.106509
0 0.410531 0.551103 0.0123586 0.0941366
0 0.0646649 0.0696611 0.0123586 0.113502
0 0.774238 0.304465 0.0125326 0.105433
0 0.180679 0.585261 0.0149695 0.118343
0 0.867972 0.557827 0.0154917 0.118343
0 0.850044 0.577461 0.0109661 0.103819
0 0.883551 0.120495 0.0156658 0.0935987
0 0.58007 0.856105 0.0123586 0.122109
0 0.353264 0.475256 0.0113142 0.12964
0 0.696867 0.0688542 0.0116623 0.106509
0 0.0314186 0.817106 0.0186249 0.129102
0 0.206005 0.525282 0.0078329 0.123185
0 0.142907 0.300161 0.0100957 0.121571
0 0.413664 0.0779989 0.00922541 0.111888
0 0.694169 0.297741 0.0118364 0.084454
0 0.363098 0.835395 0.010792 0.118343
0 0.821932 0.306616 0.0125326 0.0957504
0 0.38886 0.831361 0.00939948 0.0866057
0 0.15309 0.833244 0.0113142 0.106509
0 0.0570061 0.852878 0.0168842 0.103819
0 0.676501 0.341044 0.0109661 0.0785368
0 0.57537 0.561592 0.0109661 0.109736
0 0.368581 0.119419 0.0120104 0.100054
0 0.0936466 0.0718128 0.0114883 0.132867
0 0.115405 0.105702 0.0121845 0.127488
0 0.714882 0.301506 0.0132289 0.0962883
0 0.835944 0.0925229 0.0123586 0.102205
0 0.94604 0.538999 0.0156658 0.102205
0 0.760574 0.853147 0.0140992 0.107585
0 0.851523 0.820602 0.0125326 0.114578
0 0.178503 0.832168 0.0116623 0.15815
0 0.334726 0.325444 0.00974761 0.0839161
0 0.864056 0.0806885 0.0156658 0.0935987
0 0.405831 0.849381 0.0102698 0.109736
0 0.30409 0.838085 0.0118364 0.129102
0 0.432811 0.855568 0.0109661 0.102743
0 0.266754 0.308499 0.0116623 0.100592
0 0.4047 0.084185 0.00939948 0.118881
0 0.950043 0.609736 0.018799 0.110274
0 0.821932 0.116191 0.0125326 0.10113
0 0.423412 0.543841 0.0102698 0.104357
0 0.736728 0.531738 0.0109661 0.105971
0 0.0390775 0.901291 0.0234987 0.115654
0 0.127241 0.0909091 0.0139252 0.159225
0 0.06745 0.517751 0.0120104 0.0930608
0 0.729678 0.799623 0.0149695 0.103819
0 0.0821584 0.794513 0.0128808 0.0989779
0 0.557441 0.091447 0.0109661 0.0849919
0 0.587467 0.338085 0.00939948 0.0930608
0 0.778068 0.102474 0.0125326 0.0876815
0 0.446475 0.0769231 0.00870322 0.123722
0 0.748825 0.0766541 0.0118364 0.103819
0 0.107659 0.319796 0.00992167 0.115654
0 0.143603 0.831899 0.0111401 0.11135
0 0.493734 0.305541 0.00852916 0.0946746
0 0.248042 0.852609 0.010792 0.10113
0 0.6953 0.584454 0.0109661 0.0962883
0 0.108964 0.547337 0.0118364 0.109198
0 0.310183 0.534427 0.0100957 0.103819
0 0.0807659 0.58284 0.0128808 0.0952125
0 0.538729 0.296127 0.00939948 0.109198
0 0.745257 0.320334 0.0116623 0.0995159
0 0.428547 0.335664 0.0100957 0.104357
0 0.304265 0.320871 0.00974761 0.107047
0 0.655091 0.801237 0.0109661 0.116729
0 0.140905 0.563475 0.00922541 0.108123
0 0.85161 0.0839161 0.0172324 0.102205
0 0.11993 0.566165 0.0121845 0.12964
0 0.205135 0.314147 0.0109661 0.121571
0 0.210357 0.851264 0.0113142 0.110274
0 0.225587 0.291555 0.0104439 0.105433
0 0.714099 0.0567509 0.0109661 0.113502
0 0.651523 0.31603 0.0125326 0.09844
0 0.120104 0.331361 0.0118364 0.118343
0 0.525413 0.314954 0.0109661 0.102743
0 0.173368 0.294513 0.0114883 0.107047
0 0.170409 0.11135 0.0121845 0.119419
0 0.814099 0.551641 0.0156658 0.116729
0 0.787903 0.328133 0.013403 0.0882195
0 0.605483 0.315223 0.0109661 0.11404
0 0.626197 0.569123 0.0109661 0.122647
0 0.463272 0.100054 0.0102698 0.119419
0 0.699652 0.862023 0.0140992 0.0930608
0 0.337337 0.837816 0.0121845 0.114578
0 0.871889 0.85503 0.0156658 0.123185
0 0.479286 0.57504 0.0109661 0.0979021
0 0.878155 0.549489 0.018799 0.110274
0 0.779286 0.561323 0.0149695 0.0898332
0 0.714447 0.578537 0.0109661 0.105971
0 0.241427 0.554061 0.0100957 0.125874
0 0.467189 0.838623 0.00939948 0.111888
0 0.641863 0.823023 0.0109661 0.140936
0 0.496519 0.0938677 0.0140992 0.0995159
0 0.918799 0.843464 0.0172324 0.115116
0 0.649608 0.60113 0.0118364 0.0952125
0 0.441775 0.527972 0.00870322 0.117805
0 0.894517 0.314954 0.018799 0.128564
0 0.188338 0.0882195 0.0111401 0.115116
0 0.0668407 0.361485 0.0114883 0.106509
0 0.799652 0.524745 0.0132289 0.113502
0 0.289469 0.276493 0.00870322 0.109736
0 0.402785 0.307154 0.00939948 0.0849919
0 0.598433 0.830823 0.0100957 0.100592
0 0.219147 0.0863367 0.0114883 0.107047
0 0.930461 0.32652 0.0154917 0.12695
0 0.32463 0.86283 0.0100957 0.091447
0 0.956223 0.858526 0.0234987 0.120495
0 0.526545 0.0876815 0.00870322 0.10113
0 0.849957 0.250941 0.0125326 0.108123
0 0.578503 0.317375 0.0102698 0.118343
0 0.89765 0.557289 0.018799 0.11404
0 0.685988 0.828402 0.0156658 0.0979021
0 0.89765 0.861485 0.018799 0.104895
0 0.975805 0.871974 0.0281984 0.129102
