0 0.989068 0.322763 0.0202933 0.0807895
0 0.247316 0.0440789 0.019115 0.0860526
0 0.646046 0.0155263 0.0202933 0.0310526
0 0.488675 0.0503947 0.0108667 0.0607895
0 0.38675 0.272763 0.0128306 0.0728947
0 0.107947 0.0606579 0.0213407 0.111842
0 0.256612 0.260789 0.012045 0.106316
0 0.176617 0.119342 0.0115213 0.0671053
0 0.492996 0.408158 0.0108667 0.0878947
0 0.0929563 0.0602632 0.0439906 0.103158
0 0.470673 0.0563158 0.0109976 0.0584211
0 0.747643 0.294474 0.0140089 0.05
0 0.383805 0.111316 0.0100812 0.0605263
0 0.326329 0.0368421 0.0202933 0.0736842
0 0.340207 0.984474 0.0234355 0.0284211
0 0.861744 0.175132 0.0125687 0.0455263
0 0.296871 0.0819737 0.00851008 0.0602632
0 0.571877 0.566316 0.00942655 0.0463158
0 0.838243 0.101711 0.0140089 0.0539474
0 0.776578 0.0372368 0.0320765 0.0744737
0 0.59767 0.0521053 0.0133543 0.0778947
0 0.606638 0.0346053 0.01558 0.0692105
0 0.169351 0.7575 0.01558 0.0518421
0 0.589094 0.0293421 0.0124378 0.0586842
0 0.405473 0.983947 0.0164965 0.0321053
0 0.478921 0.453553 0.00864101 0.0486842
0 0.5453 0.0351316 0.0102121 0.0676316
0 0.803155 0.264868 0.0171511 0.0544737
0 0.737104 0.262895 0.0149254 0.0673684
0 0.469167 0.959342 0.0140089 0.0676316
0 0.53476 0.0206579 0.0163655 0.0413158
0 0.81016 0.526711 0.0157109 0.0660526
0 0.745287 0.240921 0.01558 0.0539474
0 0.454307 0.742632 0.0141398 0.08
0 0.32011 0.351842 0.0102121 0.0647368
0 0.282797 0.0786842 0.0109976 0.06
0 0.674195 0.0347368 0.0163655 0.0678947
0 0.288295 0.0306579 0.0096884 0.0613158
0 0.138845 0.0823684 0.012176 0.0668421
0 0.0685389 0.0986842 0.0360042 0.0936842
0 0.432836 0.235132 0.00942655 0.0655263
0 0.150694 0.748947 0.0157109 0.0689474
0 0.206599 0.0618421 0.0282797 0.121053
0 0.0483111 0.749737 0.0175439 0.0621053
0 0.370516 0.334737 0.00785546 0.0547368
0 0.348455 0.797237 0.0137471 0.0681579
0 0.242014 0.0655263 0.0140089 0.0957895
0 0.0725975 0.743026 0.0142708 0.0618421
0 0.0558392 0.531316 0.0213407 0.0989474
0 0.196452 0.0814474 0.0124378 0.107105
0 0.348259 0.0748684 0.0117832 0.0707895
0 0.21033 0.244474 0.0171511 0.09
0 0.251375 0.233421 0.00890285 0.0726316
0 0.112202 0.0919737 0.0185913 0.0860526
0 0.767151 0.0455263 0.0250065 0.0910526
0 0.204307 0.841447 0.0161037 0.0534211
0 0.276578 0.267368 0.0137471 0.0731579
0 0.146112 0.293947 0.0141398 0.0573684
0 0.138649 0.771711 0.0217334 0.0707895
0 0.132234 0.760658 0.0136161 0.0586842
0 0.403051 0.0739474 0.00955748 0.0673684
0 0.0538754 0.506316 0.0166274 0.0557895
0 0.132037 0.488553 0.0145326 0.0871053
0 0.608602 0.510263 0.0100812 0.0736842
0 0.935127 0.534868 0.0234355 0.0613158
0 0.459741 0.0868421 0.0116523 0.0773684
0 0.802173 0.534474 0.0128306 0.0652632
0 0.93984 0.162368 0.0202933 0.0910526
0 0.865606 0.496447 0.0140089 0.0613158
0 0.301388 0.278684 0.0102121 0.06
0 0.252946 0.529868 0.0112595 0.0534211
0 0.396112 0.494474 0.0124378 0.0657895
0 0.666405 0.533026 0.0149254 0.0776316
0 0.198743 0.301053 0.0123069 0.0694737
0 0.390809 0.277763 0.0112595 0.0781579
0 0.310749 0.265658 0.0124378 0.0786842
0 0.262111 0.236974 0.0102121 0.0634211
0 0.44259 0.683816 0.01558 0.0839474
0 0.816379 0.503947 0.0140089 0.0657895
0 0.591778 0.510526 0.0133543 0.0621053
0 0.160448 0.299211 0.0168892 0.0626316
0 0.82502 0.2675 0.0187222 0.0597368
0 0.810945 0.0526316 0.0204242 0.100526
0 0.504321 0.488947 0.00942655 0.0668421
0 0.569521 0.0340789 0.0125687 0.0681579
0 0.517151 0.218158 0.0102121 0.0968421
0 0.659008 0.0519737 0.0124378 0.0681579
0 0.660579 0.532237 0.0147944 0.0776316
0 0.524221 0.448947 0.0109976 0.07
0 0.258576 0.102763 0.0096884 0.0660526
0 0.715632 0.0303947 0.0204242 0.0607895
0 0.187484 0.794211 0.0199005 0.0568421
0 0.216222 0.712368 0.0192459 0.0752632
0 0.333988 0.521974 0.012045 0.0618421
0 0.815593 0.745789 0.01558 0.0668421
0 0.71249 0.769342 0.0157109 0.0613158
0 0.466418 0.266053 0.0100812 0.0678947
0 0.103103 0.295 0.0289343 0.0910526
0 0.46524 0.739079 0.0163655 0.0807895
0 0.621891 0.514079 0.0117832 0.0581579
0 0.316771 0.0782895 0.012176 0.0818421
0 0.769901 0.211447 0.0163655 0.0955263
0 0.600353 0.799474 0.0147944 0.0589474
0 0.391005 0.537368 0.0108667 0.0768421
0 0.581239 0.485395 0.0132234 0.0613158
0 0.136947 0.666447 0.0128306 0.095
0 0.915619 0.520789 0.0171511 0.0557895
0 0.504321 0.235526 0.0109976 0.0768421
0 0.577376 0.278421 0.0117832 0.0578947
0 0.557018 0.224079 0.00929563 0.0713158
0 0.716418 0.252632 0.0157109 0.0794737
0 0.514074 0.0294737 0.0140089 0.0589474
0 0.092498 0.458421 0.0205551 0.0736842
0 0.556625 0.500395 0.0108667 0.0697368
0 0.0429432 0.796579 0.0196386 0.0726316
0 0.423409 0.686053 0.0102121 0.0594737
0 0.470673 0.417632 0.0117832 0.08
0 0.495287 0.6975 0.0133543 0.095
0 0.226172 0.591842 0.0145326 0.0589474
0 0.428515 0.480789 0.0133543 0.0715789
0 0.411299 0.295921 0.0116523 0.0792105
0 0.96956 0.462368 0.0312909 0.0747368
0 0.494501 0.513026 0.0109976 0.0839474
0 0.589029 0.235921 0.0109976 0.0644737
0 0.547264 0.229868 0.0109976 0.0734211
0 0.381448 0.742632 0.0195077 0.0731579
0 0.682836 0.297105 0.0132234 0.0526316
0 0.801388 0.480658 0.0144017 0.055
0 0.0731867 0.305658 0.0240901 0.0897368
0 0.842171 0.211447 0.01558 0.0834211
0 0.867963 0.724079 0.0202933 0.0644737
0 0.299228 0.518026 0.0179366 0.0802632
0 0.270293 0.566711 0.012176 0.0697368
0 0.780505 0.744211 0.0210788 0.0878947
0 0.0806494 0.509474 0.0175439 0.0763158
0 0.455093 0.211974 0.0102121 0.0628947
0 0.882037 0.470132 0.0141398 0.0755263
0 0.565659 0.756447 0.0140089 0.0823684
0 0.642577 0.288026 0.0149254 0.0607895
0 0.848455 0.783553 0.0265776 0.0655263
0 0.23514 0.790395 0.0199005 0.0455263
0 0.410186 0.508684 0.0117832 0.07
0 0.36757 0.0342105 0.0163655 0.0684211
0 0.189447 0.535789 0.019115 0.0847368
0 0.742603 0.502368 0.0141398 0.0847368
0 0.747643 0.753947 0.0187222 0.0705263
0 0.766758 0.499605 0.0140089 0.0739474
0 0.983569 0.734342 0.0250065 0.0755263
0 0.691739 0.752368 0.0250065 0.0847368
0 0.532011 0.71 0.01558 0.121053
0 0.903116 0.213026 0.0204242 0.0786842
0 0.033713 0.519605 0.0250065 0.0834211
0 0.347866 0.280395 0.0109976 0.0702632
0 0.689055 0.48 0.0141398 0.0873684
0 0.89454 0.308553 0.0250065 0.0776316
0 0.698023 0.660658 0.0171511 0.0855263
0 0.614886 0.250132 0.0187222 0.0771053
0 0.843742 0.482763 0.0202933 0.0786842
0 0.914048 0.733553 0.0312909 0.0739474
0 0.328686 0.733289 0.0116523 0.0871053
0 0.92426 0.441579 0.0202933 0.0573684
0 0.928123 0.817237 0.0248756 0.0802632
