0 0.699605 0.805992 0.017877 0.0762071
0 0.511281 0.522494 0.014055 0.132054
0 0.455061 0.108881 0.0101097 0.0820244
0 0.277339 0.838472 0.0188633 0.0651542
0 0.772654 0.321893 0.0133153 0.0736862
0 0.848416 0.722998 0.0156577 0.0700019
0 0.680434 0.277002 0.0180002 0.0839635
0 0.0212674 0.322571 0.040069 0.112275
0 0.817162 0.0713593 0.0219455 0.121388
0 0.562878 0.239189 0.0117125 0.09172
0 0.492541 0.122649 0.0133153 0.0793097
0 0.27697 0.531898 0.0151646 0.0651542
0 0.824251 0.120419 0.0265072 0.127206
0 0.233572 0.0820244 0.0250277 0.109754
0 0.796511 0.752569 0.033658 0.101997
0 0.737517 0.122261 0.0194797 0.0940469
0 0.774997 0.982936 0.0147947 0.030638
0 0.0344594 0.386271 0.0339046 0.112468
0 0.853101 0.150378 0.0311922 0.0979251
0 0.955431 0.260132 0.0203427 0.0952104
0 0.450006 0.372213 0.0125755 0.0626333
0 0.487486 0.487978 0.0101097 0.067675
0 0.380039 0.118383 0.0156577 0.0738802
0 0.612933 0.120613 0.0109728 0.0849331
0 0.979719 0.0274384 0.0390827 0.0548769
0 0.232832 0.267404 0.0230551 0.103161
0 0.363457 0.826256 0.0133153 0.0651542
0 0.544569 0.504945 0.00936999 0.0566221
0 0.173037 0.312585 0.0154112 0.104324
0 0.928924 0.630405 0.0390827 0.0732984
0 0.844532 0.899942 0.01874 0.0663176
0 0.768401 0.149699 0.0343977 0.111305
0 0.65781 0.578922 0.0109728 0.0509986
0 0.701208 0.120516 0.0109728 0.0703898
0 0.578905 0.0826062 0.0109728 0.12643
0 0.975774 0.770312 0.0203427 0.067675
0 0.958575 0.410995 0.02811 0.0835757
0 0.0770558 0.783304 0.0209592 0.0552647
0 0.0168906 0.40479 0.0320552 0.0847392
0 0.163852 0.111014 0.0293429 0.101416
0 0.893725 0.720574 0.0266305 0.100834
0 0.994514 0.977409 0.0109728 0.0416909
0 0.648071 0.508241 0.0109728 0.0651542
0 0.512884 0.55381 0.0133153 0.0736862
0 0.478918 0.202249 0.0124522 0.08726
0 0.00752065 0.0640876 0.0145481 0.128175
0 0.672235 0.584836 0.0124522 0.054683
0 0.309148 0.327031 0.0203427 0.0835757
0 0.118974 0.759841 0.0253976 0.0750436
0 0.920355 0.333527 0.032795 0.0822183
0 0.923437 0.52453 0.0266305 0.0853209
0 0.917211 0.153481 0.0297127 0.0893931
0 0.23727 0.748206 0.0176304 0.0541012
0 0.24627 0.548769 0.0171372 0.0798914
0 0.508199 0.488268 0.0125755 0.100834
0 0.289483 0.838569 0.0367402 0.0909443
0 0.345518 0.787473 0.0203427 0.0798914
0 0.563679 0.118383 0.0133153 0.108009
0 0.801751 0.976731 0.0152879 0.0442118
0 0.306066 0.121582 0.0122056 0.0628272
0 0.836765 0.78757 0.032795 0.0971495
0 0.626988 0.789412 0.0109728 0.0639907
0 0.858587 0.0657359 0.023425 0.0891991
0 0.362532 0.215144 0.0129454 0.111499
0 0.603132 0.772154 0.0101097 0.0577855
0 0.384355 0.520845 0.0156577 0.0934652
0 0.132968 0.351561 0.0213291 0.107815
0 0.161817 0.501163 0.0267538 0.0952104
0 0.341388 0.140392 0.0133153 0.058949
0 0.825052 0.292321 0.023425 0.0971495
0 0.57496 0.826934 0.0117125 0.0762071
0 0.242017 0.0902657 0.0221921 0.117704
0 0.0848847 0.792515 0.0358772 0.0725228
0 0.89767 0.241904 0.02811 0.098313
0 0.912465 0.111305 0.02811 0.0942408
0 0.104549 0.0848361 0.0342744 0.114602
0 0.703119 0.76847 0.0155345 0.0849331
0 0.632043 0.122455 0.010233 0.0777584
0 0.954691 0.755575 0.0329183 0.0626333
0 0.204352 0.378321 0.0287264 0.104324
0 0.0801997 0.350688 0.0343977 0.130114
0 0.235914 0.843417 0.0237948 0.0773706
0 0.282024 0.584933 0.0218222 0.0831879
0 0.195167 0.261295 0.0377265 0.128563
0 0.185304 0.824413 0.0367402 0.0614698
0 0.470287 0.513186 0.0124522 0.120419
0 0.984404 0.0941439 0.0311922 0.152608
0 0.578165 0.454819 0.0109728 0.0816366
0 0.409012 0.326062 0.0109728 0.103355
0 0.880471 0.802889 0.0250277 0.0529378
0 0.736346 0.0583673 0.0297127 0.116735
0 0.637899 0.75063 0.0147947 0.0663176
0 0.1252 0.0518712 0.0329183 0.103742
0 0.471089 0.125073 0.0133153 0.1051
0 0.0525829 0.627303 0.0272469 0.0709715
0 0.610591 0.287764 0.0117125 0.133411
0 0.276538 0.114602 0.0101097 0.0760132
0 0.351375 0.808416 0.0120824 0.0628272
0 0.310751 0.545472 0.0250277 0.0713593
0 0.152262 0.857572 0.0350142 0.067675
0 0.892183 0.0702928 0.0188633 0.111111
0 0.446061 0.48439 0.0147947 0.0736862
0 0.407841 0.120516 0.014055 0.108784
0 0.44378 0.559046 0.0156577 0.0798914
0 0.871902 0.233857 0.0266305 0.129533
0 0.757428 0.730366 0.0203427 0.0773706
0 0.495315 0.764107 0.00949328 0.0688385
0 0.576933 0.2484 0.0156577 0.113632
0 0.545309 0.0994764 0.0108495 0.1051
0 0.317778 0.505236 0.014918 0.0762071
0 0.493774 0.589878 0.0147947 0.0659298
0 0.190914 0.0974404 0.0245346 0.114602
0 0.572248 0.521233 0.0117125 0.0705837
0 0.423807 0.115183 0.014918 0.109366
0 0.705462 0.32674 0.01874 0.101997
0 0.747257 0.456079 0.0133153 0.103161
0 0.368758 0.504266 0.0125755 0.0847392
0 0.103132 0.150669 0.0208359 0.12992
0 0.661324 0.0952104 0.0202195 0.159007
0 0.95389 0.53471 0.0172605 0.0855148
0 0.477746 0.704576 0.0172605 0.0824123
0 0.485575 0.0940469 0.0171372 0.132247
0 0.642214 0.246655 0.014055 0.101997
0 0.773024 0.514059 0.0266305 0.0988947
0 0.0357539 0.210491 0.0446307 0.128175
0 0.320922 0.82994 0.0167674 0.0713593
0 0.100296 0.583576 0.0294662 0.0668994
0 0.826532 0.499418 0.01874 0.078534
0 0.859327 0.491662 0.014055 0.0824123
0 0.445691 0.826837 0.0194797 0.0651542
0 0.515288 0.806574 0.0117125 0.0552647
0 0.326162 0.10064 0.0117125 0.0620516
0 0.410184 0.577371 0.0133153 0.071941
0 0.18629 0.524239 0.0244113 0.0762071
0 0.0710147 0.558658 0.0364937 0.0977312
0 0.0167057 0.550029 0.0329183 0.13089
0 0.390272 0.308319 0.0136851 0.112468
0 0.914869 0.414 0.0171372 0.0946287
0 0.231661 0.547896 0.0167674 0.0835757
0 0.352546 0.721253 0.0183701 0.0762071
0 0.0669461 0.836048 0.0313155 0.098313
0 0.387868 0.805992 0.023425 0.0773706
0 0.624214 0.468392 0.0147947 0.111887
0 0.780853 0.609172 0.0171372 0.0727167
0 0.55585 0.773997 0.0156577 0.0688385
0 0.717606 0.59298 0.0117125 0.072135
0 0.320491 0.277584 0.019603 0.118092
0 0.531254 0.259453 0.0108495 0.0849331
0 0.680496 0.482839 0.0124522 0.0853209
