0 0.79139 0.853962 0.012576 0.0510806
0 0.452736 0.0962672 0.013267 0.0556647
0 0.0867883 0.25442 0.0143726 0.0635232
0 0.935116 0.0713818 0.0109176 0.0674525
0 0.489497 0.775704 0.013267 0.02685
0 0.390202 0.545023 0.0117468 0.0527177
0 0.60351 0.0219384 0.0140962 0.0438769
0 0.995301 0.86444 0.00773908 0.102161
0 0.728096 0.157171 0.0109176 0.048461
0 0.174751 0.246398 0.0103648 0.073019
0 0.412935 0.059594 0.00939746 0.0805501
0 0.36505 0.273903 0.00981205 0.0573019
0 0.471877 0.545023 0.0134052 0.0435494
0 0.543394 0.575475 0.00856827 0.0573019
0 0.255113 0.657826 0.00939746 0.0733464
0 0.402363 0.0740013 0.0117468 0.0582842
0 0.725401 0.104453 0.0102266 0.048461
0 0.608624 0.161755 0.0102266 0.0667976
0 0.394348 0.218075 0.00815368 0.0897184
0 0.337479 0.246398 0.0124378 0.073019
0 0.808596 0.332515 0.0140962 0.0448592
0 0.511747 0.82351 0.0124378 0.0333988
0 0.552723 0.54666 0.0109176 0.0933202
0 0.288834 0.0772757 0.010503 0.0510806
0 0.890616 0.814669 0.013958 0.0510806
0 0.292565 0.748035 0.0140962 0.0645056
0 0.780127 0.107891 0.00939746 0.073019
0 0.232656 0.6426 0.0109176 0.073019
0 0.198659 0.0643418 0.0109176 0.0507531
0 0.95626 0.810904 0.0172747 0.0880812
0 0.299613 0.248363 0.0102266 0.0638507
0 0.83437 0.109856 0.0109176 0.0664702
0 0.51838 0.201539 0.00939746 0.0553373
0 0.595702 0.383595 0.0117468 0.056647
0 0.0444997 0.242305 0.0163074 0.0838245
0 0.720702 0.301408 0.0140962 0.0697446
0 0.23853 0.0373281 0.00856827 0.0720367
0 0.778952 0.555992 0.0117468 0.0628684
0 0.41487 0.0392927 0.00939746 0.0753111
0 0.717247 0.787328 0.013267 0.0553373
0 0.406233 0.51981 0.0117468 0.0343811
0 0.212894 0.489849 0.0117468 0.0471513
0 0.424198 0.543058 0.0164455 0.0638507
0 0.428137 0.068926 0.0149254 0.0861166
0 0.324972 0.0762934 0.00981205 0.0609037
0 0.18173 0.27554 0.0113322 0.0933202
0 0.87576 0.774394 0.0187949 0.081205
0 0.176548 0.692534 0.013958 0.091683
0 0.807076 0.102489 0.00939746 0.0707269
0 0.755459 0.163556 0.00925926 0.0703995
0 0.529643 0.324329 0.0109176 0.0697446
0 0.263889 0.040275 0.012576 0.0779306
0 0.140133 0.823019 0.0102266 0.0703995
0 0.33285 0.537983 0.0109176 0.0766208
0 0.940644 0.384741 0.0233554 0.0471513
0 0.252349 0.509823 0.0110558 0.0471513
0 0.204118 0.45334 0.010503 0.0795678
0 0.0566611 0.75442 0.0185185 0.0360183
0 0.596117 0.0279961 0.0156164 0.0559921
0 0.702391 0.109037 0.0117468 0.0464964
0 0.775774 0.478225 0.0172747 0.0880812
0 0.380252 0.805828 0.0136816 0.0425671
0 0.869541 0.131139 0.00939746 0.0455141
0 0.940644 0.141126 0.012576 0.0582842
0 0.33361 0.024558 0.0140962 0.0491159
0 0.542565 0.213327 0.00856827 0.0599214
0 0.889027 0.833661 0.0140962 0.0720367
0 0.785586 0.121153 0.0117468 0.0681074
0 0.388474 0.763261 0.016031 0.0288147
0 0.763682 0.840046 0.0187949 0.0500982
0 0.546918 0.815488 0.0109176 0.0592665
0 0.623825 0.0911919 0.0149254 0.0841519
0 0.0104339 0.754912 0.0192095 0.0481336
0 0.786761 0.316961 0.00939746 0.0504257
0 0.153261 0.718402 0.013267 0.0674525
0 0.0155473 0.703504 0.0222499 0.073019
0 0.252557 0.239522 0.0120232 0.0612312
0 0.099157 0.482809 0.0150636 0.073019
0 0.348812 0.208906 0.013267 0.0851343
0 0.358969 0.266208 0.0106412 0.0602489
0 0.327391 0.739358 0.0113322 0.0537001
0 0.52301 0.516208 0.0109176 0.0880812
0 0.623065 0.314014 0.0100884 0.0589391
0 0.697692 0.300753 0.0156164 0.0553373
0 0.977336 0.0247217 0.0187949 0.0494434
0 0.816404 0.102489 0.00925926 0.0753111
0 0.175857 0.721185 0.0128524 0.0631958
0 0.0894831 0.765717 0.0145108 0.0481336
0 0.58437 0.0759659 0.0164455 0.0615586
0 0.244127 0.513916 0.0120232 0.0500982
0 0.221048 0.222659 0.00898286 0.0792403
0 0.56136 0.793386 0.0102266 0.0563196
0 0.847637 0.119188 0.0109176 0.059594
0 0.109176 0.257695 0.0116086 0.0582842
0 0.209715 0.0340537 0.0136816 0.0667976
0 0.0295744 0.314178 0.016031 0.0645056
0 0.95702 0.136542 0.0187949 0.0628684
0 0.45702 0.284545 0.00773908 0.0628684
0 0.197139 0.491814 0.00843007 0.0694172
0 0.417565 0.781762 0.0109176 0.029797
0 0.284411 0.510151 0.010503 0.0923379
0 0.307836 0.0753111 0.0117468 0.0602489
0 0.679243 0.318762 0.013267 0.0638507
0 0.0778745 0.485102 0.0181039 0.0703995
0 0.155749 0.239686 0.0107794 0.0969221
0 0.0675788 0.69761 0.0157546 0.0821873
0 0.352336 0.781762 0.0145108 0.0435494
0 0.989842 0.116405 0.0172747 0.0487885
0 0.285931 0.270629 0.0110558 0.0808775
0 0.878939 0.755894 0.0140962 0.0749836
0 0.104201 0.770301 0.0187949 0.0546824
0 0.910931 0.836444 0.012576 0.0500982
0 0.741017 0.115259 0.00939746 0.0667976
0 0.643795 0.273412 0.0109176 0.0615586
0 0.203496 0.263916 0.00981205 0.0753111
0 0.176341 0.507367 0.0110558 0.0710544
0 0.516791 0.0699083 0.0117468 0.0756385
0 0.681661 0.120007 0.012576 0.0684348
0 0.499585 0.0761297 0.0149254 0.0828422
0 0.965658 0.844303 0.0203151 0.0972495
0 0.666459 0.754584 0.0117468 0.0821873
0 0.526188 0.756876 0.013958 0.06778
0 0.402778 0.225115 0.0122996 0.100524
0 0.196448 0.69761 0.0134052 0.0684348
0 0.0990879 0.0988867 0.014649 0.0661428
0 0.610144 0.793877 0.013267 0.0723641
0 0.278538 0.785855 0.0136816 0.0537001
0 0.587134 0.776359 0.0109176 0.0674525
0 0.811705 0.552227 0.012576 0.0612312
0 0.398079 0.812377 0.0122996 0.0582842
0 0.756979 0.300753 0.0156164 0.0586117
0 0.542634 0.0628684 0.0109176 0.0825147
0 0.651534 0.564178 0.012576 0.0694172
0 0.450387 0.777341 0.013267 0.0537001
0 0.479685 0.0789129 0.0179657 0.0772757
0 0.35275 0.488376 0.012576 0.061886
0 0.640616 0.739195 0.0156164 0.0907007
0 0.739842 0.492141 0.0117468 0.0720367
