0 0.685547 0.139806 0.0109548 0.0987654
0 0.588634 0.0442109 0.0133201 0.0884218
0 0.571082 0.621955 0.00933649 0.0900901
0 0.134757 0.0382049 0.0145649 0.0764097
0 0.85933 0.303637 0.0171791 0.0967634
0 0.530437 0.0261929 0.0164322 0.0523857
0 0.592991 0.790958 0.0100834 0.0964298
0 0.822669 0.341675 0.0155608 0.0940941
0 0.62069 0.216884 0.0131956 0.0887554
0 0.802378 0.38672 0.014067 0.0820821
0 0.784763 0.402903 0.0124486 0.0864198
0 0.840595 0.339339 0.014067 0.118118
0 0.651562 0.37671 0.00871405 0.0754087
0 0.850803 0.0448782 0.0155608 0.0897564
0 0.509336 0.116783 0.00858957 0.0834168
0 0.488672 0.577578 0.014067 0.0994328
0 0.179945 0.368535 0.0158098 0.0964298
0 0.167995 0.145312 0.0128221 0.101768
0 0.428171 0.642309 0.00784265 0.0867534
0 0.515997 0.538205 0.0102079 0.121455
0 0.424623 0.171338 0.0171791 0.105105
0 0.776982 0.505339 0.0133201 0.0710711
0 0.0234657 0.515682 0.0190464 0.10377
0 0.821051 0.81982 0.014067 0.0900901
0 0.192581 0.13647 0.0248973 0.120787
0 0.370659 0.474308 0.0175526 0.10377
0 0.471493 0.261762 0.00933649 0.0784117
0 0.911677 0.618285 0.014067 0.0700701
0 0.0280095 0.262095 0.0256442 0.104438
0 0.602764 0.0261929 0.0102079 0.0523857
0 0.435952 0.225058 0.0149384 0.0997664
0 0.408565 0.215549 0.0109548 0.0854188
0 0.828893 0.0405405 0.0155608 0.0810811
0 0.131333 0.907908 0.0283829 0.044044
0 0.647268 0.0495495 0.0133201 0.0937604
0 0.993776 0.745078 0.0124486 0.11011
0 0.796465 0.529696 0.0164322 0.0777444
0 0.853106 0.318318 0.0219096 0.114781
0 0.62069 0.0672339 0.0109548 0.0924258
0 0.972675 0.971138 0.0125731 0.0543877
0 0.439437 0.245913 0.0131956 0.0987654
0 0.28495 0.164164 0.0131956 0.0827494
0 0.723391 0.312145 0.0109548 0.0784117
0 0.968754 0.361695 0.0219096 0.0947614
0 0.0133823 0.416083 0.0255197 0.102102
0 0.569588 0.104104 0.00858957 0.0794127
0 0.96172 0.683684 0.0217851 0.0827494
0 0.866364 0.0463797 0.014067 0.0927594
0 0.991784 0.216884 0.0164322 0.135469
0 0.578489 0.0468802 0.0117017 0.0937604
0 0.45506 0.786787 0.0100834 0.0847514
0 0.846135 0.581081 0.0234035 0.0877544
0 0.9789 0.668502 0.0235279 0.107774
0 0.937508 0.761762 0.018673 0.0867534
0 0.843023 0.299633 0.0171791 0.128795
0 0.67148 0.139306 0.0124486 0.110444
0 0.729304 0.537704 0.0125731 0.111778
0 0.880493 0.781114 0.0219096 0.103437
0 0.199241 0.511178 0.0195444 0.107441
0 0.542139 0.639306 0.0109548 0.0867534
0 0.919519 0.0545546 0.0202913 0.109109
0 0.285697 0.615115 0.0308727 0.139139
0 0.294722 0.527694 0.0207892 0.102436
0 0.15262 0.58642 0.0214117 0.12379
0 0.913295 0.0503837 0.014067 0.100767
0 0.355658 0.218552 0.0131956 0.126793
0 0.896863 0.0508842 0.014067 0.101768
0 0.758994 0.123123 0.0109548 0.145479
0 0.192643 0.55639 0.0133201 0.0984318
0 0.655484 0.648148 0.014067 0.133133
0 0.939873 0.14381 0.0156853 0.119453
0 0.254326 0.15015 0.0102079 0.0887554
0 0.469127 0.341675 0.00784265 0.0927594
0 0.939811 0.632466 0.0265156 0.0930931
0 0.736338 0.144144 0.0117017 0.111445
0 0.472302 0.22656 0.0124486 0.123457
0 0.32852 0.521021 0.0166812 0.0990991
0 0.49334 0.655489 0.0109548 0.0964298
0 0.598033 0.107941 0.0109548 0.0844178
0 0.55938 0.0538872 0.0187975 0.107774
0 0.514876 0.253086 0.0109548 0.129796
0 0.5 0.343677 0.0133201 0.118118
0 0.318187 0.623457 0.0281339 0.0910911
0 0.386717 0.180514 0.0133201 0.15015
0 0.337109 0.21288 0.0179261 0.115449
0 0.322233 0.214214 0.014067 0.105439
0 0.0451886 0.245078 0.0216607 0.121121
0 0.975787 0.444611 0.0250218 0.10377
0 0.50859 0.0455455 0.0100834 0.0910911
0 0.257998 0.533033 0.0217851 0.0917584
0 0.931221 0.554555 0.0202913 0.121455
0 0.240819 0.455455 0.00983443 0.114114
0 0.140545 0.508509 0.0271381 0.114114
0 0.246297 0.662663 0.0120752 0.0827494
0 0.740632 0.590591 0.014067 0.0847514
0 0.857027 0.65649 0.0265156 0.105772
0 0.746483 0.302636 0.014067 0.152819
0 0.225818 0.651318 0.0151874 0.0754087
0 0.105814 0.140307 0.0271381 0.12646
0 0.899975 0.57374 0.0202913 0.133133
0 0.913233 0.361528 0.0171791 0.119119
0 0.596851 0.711378 0.0125731 0.106773
0 0.0278227 0.684685 0.0516619 0.121455
0 0.88124 0.31982 0.0124486 0.127127
0 0.345263 0.626627 0.0222831 0.128795
0 0.273061 0.212045 0.0160588 0.1338
0 0.606249 0.509843 0.0139425 0.121455
0 0.546931 0.438772 0.00858957 0.0927594
0 0.530873 0.587421 0.0133201 0.113113
0 0.717976 0.536203 0.0108303 0.114781
0 0.671854 0.58375 0.0156853 0.131131
0 0.817192 0.562229 0.0265156 0.137471
0 0.406946 0.581081 0.0174281 0.105772
0 0.989107 0.0655656 0.0202913 0.129796
