0 0.685164 0.0138175 0.0186863 0.027635
0 0.0325595 0.175129 0.01359 0.0546273
0 0.235561 0.791774 0.0101925 0.0533419
0 0.021376 0.717224 0.0127407 0.0706941
0 0.168884 0.0723008 0.00962627 0.066838
0 0.747664 0.0546273 0.0109003 0.0623393
0 0.958593 0.628535 0.0250566 0.0417738
0 0.637882 0.242449 0.0147225 0.058162
0 0.758565 0.524422 0.0140147 0.0796915
0 0.653879 0.0154242 0.0124575 0.0308483
0 0.696489 0.325835 0.0218007 0.0604113
0 0.501628 0.226864 0.0179785 0.0636247
0 0.33239 0.183323 0.0124575 0.062018
0 0.94925 0.846722 0.0188279 0.0437018
0 0.964043 0.484094 0.0172707 0.0684447
0 0.544168 0.803663 0.0155719 0.0694087
0 0.991435 0.68268 0.0171291 0.123072
0 0.282984 0.0515746 0.00906002 0.0549486
0 0.66485 0.239075 0.00863533 0.0674807
0 0.974943 0.970758 0.0390713 0.0372751
0 0.177024 0.472044 0.016846 0.0764781
0 0.850793 0.0342224 0.0124575 0.065874
0 0.597608 0.493252 0.0179785 0.0771208
0 0.990586 0.0249036 0.0171291 0.0498072
0 0.585575 0.0808162 0.0109003 0.0755141
0 0.939836 0.776671 0.0390713 0.102185
0 0.439057 0.220116 0.00948471 0.0501285
0 0.0329841 0.748233 0.0144394 0.0453085
0 0.814057 0.74518 0.0219422 0.0694087
0 0.946914 0.703085 0.0266138 0.0424165
0 0.309598 0.218509 0.0124575 0.0636247
0 0.930493 0.792577 0.0218007 0.0832262
0 0.804502 0.524422 0.011325 0.0494859
0 0.660886 0.173843 0.0117497 0.0758355
0 0.844564 0.84849 0.00934315 0.0555913
0 0.145456 0.0244216 0.0117497 0.0488432
0 0.123514 0.743734 0.0157135 0.0780848
0 0.61955 0.0303663 0.0117497 0.0594473
0 0.201939 0.685893 0.014581 0.0851542
0 0.592936 0.50482 0.0140147 0.0578406
0 0.676175 0.236986 0.00948471 0.0665167
0 0.614807 0.0753535 0.0101925 0.0633033
0 0.728129 0.0363111 0.0140147 0.0706941
0 0.573046 0.268316 0.0101925 0.0546273
0 0.257998 0.227667 0.00863533 0.0710154
0 0.893757 0.220437 0.0202435 0.0719794
0 0.971121 0.776189 0.0249151 0.0504499
0 0.810943 0.0743895 0.0125991 0.0723008
0 0.916407 0.279724 0.0202435 0.0607326
0 0.208239 0.383997 0.011325 0.0751928
0 0.336141 0.268638 0.0222254 0.0571979
0 0.953921 0.735058 0.0202435 0.063946
0 0.373868 0.029563 0.0101925 0.0546273
0 0.653525 0.256587 0.00948471 0.0530206
0 0.201939 0.416774 0.0140147 0.062982
0 0.255663 0.428824 0.00934315 0.0870823
0 0.526614 0.501767 0.0101925 0.0485219
0 0.0468573 0.390263 0.0161382 0.0986504
0 0.66754 0.028599 0.0117497 0.0571979
0 0.870328 0.475418 0.0141563 0.0819409
0 0.710929 0.760283 0.0124575 0.0514139
0 0.346546 0.40151 0.011325 0.0735861
0 0.215034 0.485861 0.0167044 0.0578406
0 0.816393 0.717706 0.0172707 0.0999357
0 0.203921 0.0372751 0.0148641 0.0719794
0 0.811721 0.811697 0.0155719 0.0584833
0 0.7609 0.500964 0.0195357 0.104756
0 0.8469 0.0711761 0.0171291 0.132069
0 0.392908 0.198425 0.0128822 0.0607326
0 0.921857 0.0306877 0.0172707 0.0613753
0 0.117993 0.161793 0.0140147 0.0742288
0 0.567172 0.0282776 0.010051 0.0565553
0 0.936721 0.0772815 0.0155719 0.062018
0 0.775764 0.717706 0.0124575 0.0665167
0 0.548768 0.028117 0.0148641 0.0562339
0 0.884343 0.0803342 0.0155719 0.0758355
0 0.607446 0.20903 0.0133069 0.0960797
0 0.502336 0.462725 0.0148641 0.0796915
0 0.201586 0.718509 0.0152888 0.0559126
0 0.437146 0.033419 0.0124575 0.06491
0 0.495682 0.200193 0.0171291 0.0983291
0 0.0576161 0.533258 0.0203851 0.0549486
0 0.274844 0.248072 0.0148641 0.0880463
0 0.644536 0.207102 0.0133069 0.0787275
0 0.0673839 0.688303 0.015855 0.0514139
0 0.374221 0.208548 0.0140147 0.0719794
0 0.238675 0.0387211 0.0186863 0.0774422
0 0.593715 0.246144 0.00934315 0.062982
0 0.839043 0.752731 0.0172707 0.0665167
0 0.105889 0.412275 0.0138732 0.0848329
0 0.688279 0.274743 0.0124575 0.0745501
0 0.753114 0.791774 0.0226501 0.0719794
0 0.948471 0.506748 0.0155719 0.0674807
0 0.139227 0.217063 0.0171291 0.0703728
0 0.696914 0.77394 0.0155719 0.0427378
0 0.120258 0.0273136 0.0165629 0.0546273
0 0.410178 0.220437 0.0157135 0.0861183
0 0.0406285 0.464974 0.0144394 0.0636247
0 0.173627 0.315392 0.0131653 0.0819409
0 0.860914 0.46626 0.0140147 0.0867609
0 0.944507 0.241967 0.0186863 0.0983291
0 0.575382 0.815231 0.0140147 0.0636247
0 0.237896 0.437821 0.0176954 0.0723008
0 0.755096 0.241324 0.0186863 0.0694087
0 0.261113 0.750803 0.0140147 0.062018
0 0.0868488 0.195373 0.0148641 0.0893316
0 0.604686 0.46883 0.0140147 0.0687661
0 0.120753 0.684929 0.0164213 0.0832262
0 0.195498 0.814749 0.0141563 0.0523779
0 0.294097 0.411472 0.0159966 0.0767995
0 0.422636 0.786472 0.0125991 0.0549486
0 0.695357 0.46144 0.0164213 0.0796915
0 0.97735 0.243895 0.0218007 0.0893316
0 0.471475 0.216742 0.0109003 0.0735861
0 0.0681625 0.211761 0.0131653 0.0739075
0 0.442172 0.439749 0.0148641 0.0780848
0 0.191676 0.213528 0.0104757 0.0877249
0 0.857022 0.21883 0.0172707 0.0886889
0 0.290204 0.183162 0.0152888 0.0829049
0 0.221475 0.236022 0.0157135 0.062018
0 0.142695 0.78599 0.0184032 0.061054
0 0.340671 0.713689 0.0128822 0.0674807
0 0.891421 0.803342 0.0203851 0.0886889
0 0.543318 0.242288 0.0133069 0.0848329
0 0.722678 0.51912 0.0133069 0.0665167
0 0.571843 0.438464 0.0109003 0.107005
0 0.410532 0.449871 0.0164213 0.0951157
0 0.783975 0.438464 0.0147225 0.0877249
0 0.512882 0.787757 0.0164213 0.0671594
0 0.532772 0.732648 0.0109003 0.062982
0 0.82425 0.0962404 0.0140147 0.104434
0 0.31073 0.747911 0.0167044 0.0755141
0 0.646871 0.492449 0.0219422 0.0735861
0 0.433607 0.703567 0.0141563 0.0947943
0 0.547636 0.505784 0.0125991 0.0694087
0 0.591803 0.696819 0.0131653 0.0825835
0 0.6531 0.737629 0.0157135 0.0774422
0 0.917186 0.186536 0.0266138 0.102506
0 0.889015 0.452442 0.0124575 0.0841902
