0 0.719173 0.558806 0.0265664 0.0157353
0 0.573058 0.100968 0.0250627 0.0252169
0 0.911717 0.504136 0.0156642 0.0359088
0 0.934398 0.381481 0.0234336 0.0234013
0 0.0785714 0.299072 0.018797 0.0240065
0 0.286905 0.313799 0.0176692 0.0219891
0 0.104135 0.00817026 0.0258145 0.0163405
0 0.819549 0.568489 0.0155388 0.0282429
0 0.467607 0.832661 0.0101504 0.0288481
0 0.938283 0.881682 0.0234336 0.0187613
0 0.974185 0.0931007 0.0343358 0.0369175
0 0.0461153 0.861005 0.0568922 0.0415574
0 0.123872 0.85586 0.0174185 0.0276377
0 0.335338 0.590579 0.0180451 0.0195683
0 0.0419799 0.530865 0.0308271 0.0252169
0 0.857769 0.0815009 0.0203008 0.0209804
0 0.336967 0.571717 0.0203008 0.0193666
0 0.0761905 0.75469 0.0383459 0.0516441
0 0.0298872 0.607525 0.0367168 0.0328828
0 0.684398 0.586141 0.0249373 0.0300585
0 0.537531 0.322372 0.0156642 0.0193666
0 0.0857769 0.293726 0.0279449 0.0322776
0 0.690977 0.834577 0.018797 0.0225943
0 0.0280075 0.524511 0.0502506 0.0250151
0 0.776128 0.27678 0.016416 0.0298568
0 0.417982 0.767299 0.0249373 0.0163405
0 0.676942 0.333972 0.014787 0.0457938
0 0.203634 0.0111963 0.0137845 0.0223926
0 0.00632832 0.082913 0.0126566 0.0351019
0 0.780075 0.598144 0.0295739 0.0213839
0 0.782018 0.567279 0.0289474 0.0201735
0 0.0526942 0.716966 0.0452381 0.0504337
0 0.679699 0.344967 0.0180451 0.0282429
0 0.124123 0.340932 0.0186717 0.0201735
0 0.458584 0.591184 0.012406 0.0231995
0 0.0394737 0.623764 0.0310777 0.0229978
0 0.333208 0.864031 0.0125313 0.0201735
0 0.527381 0.839621 0.016416 0.0213839
0 0.22381 0.0775671 0.0180451 0.0284446
0 0.282393 0.100968 0.0417293 0.0211822
0 0.385902 0.561327 0.0156642 0.0183579
0 0.0791353 0.102078 0.0189223 0.0262255
0 0.625 0.854045 0.0319549 0.0340932
0 0.851566 0.814404 0.0249373 0.0314706
0 0.341792 0.574238 0.0141604 0.0187613
0 0.589411 0.888037 0.016416 0.0326811
0 0.88515 0.86161 0.0171679 0.0250151
0 0.397807 0.0874521 0.0136591 0.0344967
0 0.845301 0.643938 0.0234336 0.0314706
0 0.758584 0.307343 0.012406 0.0219891
0 0.520677 0.555981 0.014787 0.0258221
0 0.258584 0.799879 0.0214286 0.0213839
0 0.058208 0.855961 0.0327068 0.0338915
0 0.111842 0.294331 0.0146617 0.0290498
0 0.729261 0.585536 0.0156642 0.0199718
0 0.27619 0.279605 0.0155388 0.0298568
0 0.79411 0.827012 0.0210526 0.022796
0 0.016416 0.521384 0.0295739 0.0231995
0 0.45896 0.867258 0.0179198 0.0290498
0 0.757769 0.360702 0.0273183 0.0213839
0 0.543734 0.843353 0.0243108 0.0199718
0 0.425376 0.815715 0.0281955 0.0353036
0 0.902381 0.107323 0.0265664 0.0262255
0 0.492607 0.84769 0.0117794 0.0225943
0 0.226002 0.291608 0.0199248 0.0256203
0 0.676942 0.317632 0.014787 0.022796
0 0.0615915 0.326508 0.0214286 0.0377244
0 0.0640977 0.499697 0.0354637 0.0302602
0 0.284211 0.830744 0.018797 0.0351019
0 0.978885 0.861005 0.0234336 0.0238047
0 0.752318 0.84648 0.0219298 0.0238047
0 0.46485 0.120032 0.0171679 0.0298568
0 0.179323 0.803107 0.0185464 0.0225943
0 0.715977 0.520375 0.0171679 0.0175509
0 0.778133 0.0344967 0.016416 0.0314706
0 0.632018 0.861005 0.0179198 0.0302602
0 0.728509 0.321061 0.0234336 0.0187613
0 0.531642 0.0827113 0.0149123 0.0310672
0 0.896115 0.0127093 0.018797 0.0254186
0 0.72619 0.833367 0.0218045 0.0213839
0 0.525815 0.599052 0.0195489 0.0284446
0 0.25802 0.827718 0.0190476 0.0213839
0 0.854699 0.308554 0.0156642 0.0199718
0 0.0713659 0.548114 0.0246867 0.0238047
0 0.0191103 0.597438 0.0382206 0.0377244
0 0.486717 0.362013 0.0172932 0.0332863
0 0.0901629 0.812588 0.0327068 0.0238047
0 0.846115 0.798669 0.0250627 0.0189631
0 0.374812 0.629514 0.0140351 0.0288481
0 0.155702 0.0211822 0.0179198 0.0415574
0 0.394612 0.599354 0.0263158 0.0238047
0 0.346115 0.625076 0.0293233 0.0264273
0 0.884336 0.583014 0.018797 0.0246117
0 0.0301378 0.86978 0.0364662 0.0340932
0 0.146491 0.304821 0.0140351 0.0286464
0 0.756642 0.558503 0.0265664 0.0199718
0 0.963221 0.289288 0.0234336 0.0246117
0 0.699185 0.590882 0.0374687 0.0351019
0 0.155263 0.348396 0.0185464 0.0201735
0 0.441792 0.644039 0.0141604 0.0252169
0 0.265226 0.606012 0.0249373 0.0225943
0 0.517982 0.887936 0.0171679 0.0377244
0 0.0328321 0.813799 0.037594 0.0302602
0 0.567168 0.330845 0.0210526 0.0282429
0 0.136717 0.687412 0.0295739 0.0340932
0 0.361341 0.85344 0.0186717 0.036514
0 0.641416 0.341537 0.0211779 0.0246117
0 0.201754 0.0476094 0.0160401 0.0399435
0 0.91015 0.281925 0.018797 0.0300585
0 0.26698 0.298467 0.0234336 0.0324793
0 0.615664 0.593706 0.018797 0.0213839
0 0.240414 0.361005 0.0191729 0.0244099
0 0.316416 0.298467 0.0238095 0.0207787
0 0.748434 0.0699012 0.0226817 0.0316724
0 0.819549 0.342445 0.0218045 0.0207787
0 0.225376 0.0214848 0.0241855 0.0320759
0 0.0207393 0.0824087 0.0334586 0.0349001
0 0.81792 0.871697 0.0203008 0.0238047
0 0.937531 0.845168 0.0219298 0.0276377
0 0.516416 0.27557 0.0155388 0.0338915
0 0.149812 0.0551745 0.0194236 0.0397418
0 0.135965 0.555376 0.0263158 0.0270325
0 0.549624 0.0320759 0.014787 0.0338915
0 0.973434 0.601574 0.0203008 0.0234013
0 0.983647 0.531471 0.0234336 0.0244099
0 0.934336 0.577063 0.0343358 0.0244099
0 0.0942356 0.0652612 0.0265664 0.0385314
0 0.662531 0.850212 0.0195489 0.0276377
0 0.0960526 0.631935 0.0274436 0.0316724
0 0.860213 0.557494 0.0234336 0.029655
0 0.957832 0.0326811 0.0219298 0.0375227
0 0.168546 0.628303 0.0215539 0.0340932
0 0.887531 0.32328 0.0234336 0.0288481
0 0.801003 0.796248 0.0215539 0.0225943
0 0.400313 0.290297 0.0229323 0.03954
0 0.644173 0.0797862 0.0219298 0.0320759
0 0.828133 0.0299576 0.0171679 0.0522493
0 0.775752 0.895602 0.0226817 0.036514
0 0.346115 0.331148 0.0293233 0.0340932
0 0.296867 0.021283 0.0260652 0.0425661
