0 0.241384 0.821945 0.0188218 0.015896
0 0.142447 0.0475846 0.0152774 0.0340628
0 0.812454 0.979046 0.0140552 0.0315855
0 0.0496211 0.232453 0.0185774 0.0462428
0 0.19769 0.260012 0.0186996 0.071635
0 0.139086 0.578138 0.017844 0.0216763
0 0.135358 0.569983 0.0133219 0.021057
0 0.704718 0.982349 0.0117331 0.0291082
0 0.0523711 0.0972337 0.0260328 0.0367465
0 0.932046 0.394096 0.0249328 0.0198183
0 0.0241995 0.854356 0.0193107 0.0303468
0 0.214434 0.235756 0.0113664 0.0635838
0 0.325165 0.598679 0.0152774 0.0177539
0 0.523038 0.979666 0.0133219 0.0357143
0 0.469506 0.328035 0.0108775 0.0194055
0 0.598081 0.619116 0.0140552 0.02436
0 0.245356 0.853014 0.0218773 0.0198183
0 0.160352 0.593105 0.0168663 0.0198183
0 0.488328 0.356833 0.0101442 0.0237407
0 0.160963 0.325351 0.0156441 0.0251858
0 0.7379 0.916391 0.0186996 0.0396367
0 0.318932 0.00701899 0.0113664 0.014038
0 0.0185163 0.57886 0.0157663 0.0251858
0 0.185346 0.559352 0.017233 0.0204377
0 0.638291 0.91505 0.0233439 0.0225021
0 0.574187 0.894509 0.0156441 0.0276631
0 0.683635 0.106214 0.0179663 0.0225021
0 0.304327 0.100124 0.0124664 0.0251858
0 0.519555 0.389141 0.0156441 0.0284889
0 0.943718 0.107143 0.0186996 0.0545004
0 0.491811 0.843724 0.0171107 0.0251858
0 0.226167 0.848369 0.0265216 0.0237407
0 0.731667 0.331131 0.0186996 0.0198183
0 0.2445 0.866226 0.021144 0.0289017
0 0.864825 0.370974 0.0124664 0.0218827
0 0.635541 0.474298 0.0124664 0.0745252
0 0.678929 0.615813 0.0117331 0.0198183
0 0.889025 0.895851 0.0202884 0.0237407
0 0.0870203 0.598885 0.0146663 0.0264244
0 0.00507211 0.89327 0.0101442 0.0606936
0 0.614092 0.606936 0.0133219 0.0231214
0 0.260144 0.586705 0.0145441 0.021057
0 0.202945 0.236375 0.0108775 0.0540875
0 0.149291 0.367362 0.0186996 0.0183732
0 0.530433 0.869529 0.0163774 0.0185797
0 0.584759 0.977704 0.017233 0.038398
0 0.452395 0.845066 0.0179663 0.0146573
0 0.766011 0.380884 0.0233439 0.0156895
0 0.397824 0.888625 0.0215106 0.0212634
0 0.575409 0.473885 0.0171107 0.0357143
0 0.458568 0.969756 0.0109998 0.0526424
0 0.808788 0.922275 0.0213884 0.0460363
0 0.651552 0.359517 0.0149108 0.0204377
0 0.559765 0.357865 0.0117331 0.0204377
0 0.656258 0.0283856 0.0125886 0.0567713
0 0.342398 0.891309 0.0106331 0.0303468
0 0.821071 0.394405 0.0327548 0.0225021
0 0.0326326 0.59104 0.0112442 0.0417011
0 0.634014 0.882019 0.021144 0.0196119
0 0.428502 0.853633 0.0124664 0.021057
0 0.810132 0.629335 0.017233 0.019199
0 0.912491 0.678778 0.0188218 0.0251858
0 0.245845 0.355491 0.0218773 0.021057
0 0.418357 0.619116 0.0131997 0.0189926
0 0.710951 0.877374 0.0188218 0.0222956
0 0.860914 0.127993 0.0124664 0.0202312
0 0.0663652 0.632019 0.0129553 0.0381916
0 0.505072 0.884703 0.0116109 0.0357143
0 0.25 0.324319 0.0186996 0.0268373
0 0.577732 0.128613 0.0124664 0.0222956
0 0.515216 0.380264 0.0140552 0.0322048
0 0.352542 0.0870149 0.012833 0.0303468
0 0.285321 0.053365 0.0108775 0.0282824
0 0.665974 0.358898 0.0156441 0.0237407
0 0.297421 0.575867 0.0140552 0.0216763
0 0.821132 0.882019 0.0140552 0.026218
0 0.0986311 0.59166 0.0217551 0.0297275
0 0.763322 0.912366 0.0101442 0.0447977
0 0.950746 0.583815 0.0202884 0.0222956
0 0.0558543 0.583815 0.0171107 0.02436
0 0.598448 0.344653 0.0108775 0.0204377
0 0.334209 0.85033 0.0140552 0.021057
0 0.539416 0.337015 0.0101442 0.0249794
0 0.323454 0.0582163 0.0125886 0.0297275
0 0.598081 0.879335 0.0179663 0.0303468
0 0.777744 0.649773 0.0164996 0.0229149
0 0.901552 0.113543 0.0204107 0.0276631
0 0.638291 0.374587 0.0125886 0.0225021
0 0.684796 0.36313 0.0124664 0.0264244
0 0.600403 0.977085 0.0125886 0.0396367
0 0.598814 0.371387 0.0108775 0.02436
0 0.46914 0.616123 0.0125886 0.0229149
0 0.358225 0.366742 0.0320215 0.0225021
0 0.20979 0.580512 0.017233 0.0218827
0 0.628086 0.351156 0.0156441 0.0231214
0 0.904669 0.137696 0.0202884 0.0198183
0 0.725801 0.650392 0.0147886 0.0204377
0 0.0235273 0.822667 0.0191885 0.0251858
0 0.757394 0.632638 0.0195551 0.0204377
0 0.4945 0.593311 0.0156441 0.0231214
0 0.793388 0.105698 0.0179663 0.028076
0 0.854681 0.973782 0.0281105 0.0408753
0 0.0933146 0.0824732 0.028966 0.0319983
0 0.294121 0.845685 0.0226106 0.0237407
0 0.849242 0.653799 0.017233 0.0177539
0 0.279272 0.891206 0.0129553 0.0276631
0 0.700379 0.615091 0.0186996 0.0237407
0 0.0953312 0.861581 0.0205329 0.0291082
0 0.174529 0.854356 0.0227328 0.0225021
0 0.79846 0.912366 0.0171107 0.0476879
0 0.19054 0.325764 0.0183329 0.0474814
0 0.266561 0.0498555 0.0117331 0.0295211
0 0.58867 0.0803055 0.0133219 0.0309661
0 0.828159 0.358175 0.0202884 0.0251858
0 0.431252 0.319055 0.0116109 0.0295211
0 0.673429 0.870149 0.0149108 0.0264244
0 0.277744 0.335983 0.012833 0.0258051
0 0.133586 0.863646 0.0156441 0.0303468
0 0.111586 0.827931 0.0359325 0.0357143
0 0.429296 0.104356 0.0133219 0.0328241
0 0.973478 0.659166 0.0359325 0.0272502
0 0.809338 0.0800991 0.0156441 0.0330306
0 0.392875 0.618807 0.0142997 0.0216763
0 0.736739 0.36251 0.0171107 0.0198183
0 0.396113 0.109207 0.0156441 0.0272502
0 0.213273 0.0672998 0.0190662 0.0458299
0 0.815632 0.150805 0.017233 0.0270438
0 0.854681 0.90256 0.0202884 0.0264244
0 0.846065 0.101466 0.017233 0.0319983
