0 0.226562 0.135348 0.026123 0.052381
0 0.264038 0.989377 0.0202637 0.0175824
0 0.280029 0.446337 0.0351562 0.0304029
0 0.720337 0.408608 0.015625 0.0205128
0 0.172058 0.206502 0.0465088 0.0357143
0 0.209534 0.829945 0.0235596 0.0258242
0 0.446106 0.867491 0.0147705 0.0375458
0 0.549255 0.703388 0.0211182 0.0375458
0 0.363464 0.722711 0.0250244 0.032967
0 0.528503 0.917949 0.0164795 0.0527473
0 0.325806 0.870421 0.0227051 0.0221612
0 0.6297 0.204212 0.0303955 0.0406593
0 0.871887 0.434615 0.0360107 0.0362637
0 0.635132 0.931319 0.0109863 0.0457875
0 0.157349 0.148352 0.0290527 0.0315018
0 0.816406 0.0874542 0.0249023 0.0397436
0 0.212952 0.712729 0.02771 0.0434066
0 0.407776 0.889194 0.0172119 0.0575092
0 0.698059 0.664103 0.0179443 0.0164835
0 0.401978 0.364927 0.015625 0.0276557
0 0.446838 0.630128 0.0211182 0.0199634
0 0.889832 0.421703 0.0687256 0.0521978
0 0.275757 0.147802 0.0273438 0.0369963
0 0.182434 0.876832 0.0235596 0.031685
0 0.593323 0.93956 0.0140381 0.0362637
0 0.985962 0.824634 0.0234375 0.0199634
0 0.795654 0.596703 0.0273438 0.0186813
0 0.639099 0.0161172 0.0257568 0.0322344
0 0.197205 0.414377 0.0201416 0.0258242
0 0.50354 0.336996 0.0109863 0.0322344
0 0.34906 0.947802 0.0152588 0.0410256
0 0.935181 0.605494 0.0202637 0.0197802
0 0.0944214 0.93196 0.0377197 0.0514652
0 0.816406 0.0592491 0.0234375 0.0540293
0 0.27655 0.475366 0.0250244 0.0181319
0 0.975769 0.726831 0.0484619 0.103114
0 0.343567 0.798352 0.0164795 0.0586081
0 0.958618 0.906777 0.0234375 0.0245421
0 0.577759 0.360165 0.0241699 0.0258242
0 0.404724 0.899725 0.0140381 0.0397436
0 0.533997 0.612546 0.0218506 0.0188645
0 0.942993 0.317399 0.0437012 0.0175824
0 0.572632 0.693407 0.0305176 0.0340659
0 0.851562 0.980586 0.0249023 0.0223443
0 0.65979 0.939011 0.0124512 0.0351648
0 0.158203 0.614835 0.0493164 0.0186813
0 0.256042 0.456319 0.0281982 0.0199634
0 0.0560913 0.648901 0.0389404 0.0304029
0 0.00732422 0.0338828 0.0146484 0.0652015
0 0.642578 0.192582 0.0297852 0.0313187
0 0.862488 0.0372711 0.0250244 0.0415751
0 0.989868 0.0240842 0.0202637 0.0481685
0 0.263672 0.449542 0.043457 0.0298535
0 0.594543 0.449634 0.0186768 0.0252747
0 0.515259 0.142125 0.0124512 0.0380952
0 0.639038 0.92674 0.0109863 0.0468864
0 0.28479 0.611905 0.0285645 0.0175824
0 0.428528 0.903205 0.0172119 0.0338828
0 0.583191 0.934341 0.0140381 0.0434066
0 0.853149 0.173443 0.0358887 0.0249084
0 0.767578 0.14478 0.0219727 0.0228938
0 0.247681 0.630769 0.0390625 0.0175824
0 0.0145874 0.282875 0.0291748 0.0375458
0 0.68634 0.425275 0.0164795 0.0245421
0 0.921875 0.987088 0.0358887 0.0210623
0 0.0958252 0.57207 0.0388184 0.0199634
0 0.172974 0.385165 0.0290527 0.0399267
0 0.115356 0.921978 0.0302734 0.0479853
0 0.809998 0.0965201 0.0394287 0.0501832
0 0.632446 0.390385 0.0195312 0.0181319
0 0.0853882 0.94304 0.0316162 0.0468864
0 0.899963 0.410073 0.0562744 0.0322344
0 0.0125732 0.93141 0.0249023 0.060989
0 0.655884 0.884432 0.015625 0.0399267
0 0.0772705 0.64359 0.0632324 0.0304029
0 0.845337 0.132784 0.0358887 0.0271062
0 0.155701 0.594414 0.0338135 0.0199634
0 0.676575 0.645971 0.024292 0.0186813
0 0.504272 0.86685 0.0202637 0.0340659
0 0.658569 0.422985 0.0227051 0.017033
0 0.953125 0.938919 0.0375977 0.0386447
0 0.774597 0.64011 0.0328369 0.029304
0 0.0385132 0.172253 0.0357666 0.0232601
0 0.391052 0.920238 0.0113525 0.0397436
0 0.760925 0.414377 0.0289307 0.0199634
0 0.399902 0.130495 0.0166016 0.05
0 0.418335 0.631227 0.0202637 0.0210623
0 0.646851 0.568956 0.0148926 0.0283883
0 0.279724 0.64881 0.0308838 0.0199634
0 0.304932 0.859799 0.0410156 0.0269231
0 0.146301 0.891484 0.0228271 0.057326
0 0.267151 0.940751 0.0316162 0.031685
0 0.197937 0.931319 0.0396729 0.0457875
0 0.59137 0.193223 0.0289307 0.0223443
0 0.137085 0.17619 0.0263672 0.029304
0 0.641418 0.115659 0.0250244 0.0294872
0 0.759338 0.597894 0.0250244 0.0199634
0 0.972656 0.408059 0.0327148 0.0205128
0 0.689087 0.93956 0.0227051 0.0410256
0 0.215454 0.0612637 0.0246582 0.0489011
0 0.68512 0.893864 0.0250244 0.0562271
0 0.0693359 0.413278 0.0432129 0.0217949
0 0.6922 0.136813 0.039917 0.0326007
0 0.774597 0.900275 0.0203857 0.0338828
0 0.331421 0.586722 0.036377 0.0163004
0 0.418762 0.594963 0.0218506 0.0247253
0 0.892151 0.676374 0.0328369 0.0362637
0 0.840637 0.870421 0.0203857 0.0338828
0 0.816406 0.93837 0.0266113 0.0492674
0 0.111145 0.112363 0.0321045 0.0283883
0 0.696838 0.593223 0.0257568 0.0245421
0 0.918762 0.932509 0.0328369 0.0338828
0 0.293945 0.0289377 0.026123 0.0578755
0 0.31073 0.710989 0.0296631 0.0399267
0 0.338684 0.705128 0.0296631 0.0351648
0 0.900024 0.147711 0.046875 0.0269231
0 0.0222168 0.134524 0.0422363 0.0232601
0 0.37439 0.082326 0.0241699 0.0379121
0 0.932068 0.71511 0.0328369 0.0434066
0 0.888306 0.620696 0.0280762 0.0186813
0 0.752319 0.920879 0.0234375 0.0351648
0 0.533569 0.0647436 0.0187988 0.082967
0 0.0707397 0.914377 0.0286865 0.0492674
0 0.8703 0.273352 0.0360107 0.0478022
0 0.737122 0.0930403 0.0343018 0.0432234
0 0.418762 0.303114 0.0140381 0.0479853
0 0.822632 0.302473 0.0422363 0.0661172
0 0.0795288 0.329212 0.0443115 0.046337
0 0.463623 0.278663 0.0195312 0.0393773
0 0.889832 0.10467 0.0516357 0.0335165
0 0.421875 0.0395604 0.0266113 0.0516484
